tackling number = 60
starting fresh with vertext: 50
60: [50, 14, 2, 7, 9, 16, 20, 5, 4, 12, 13, 3, 1, 8, 17, 32, 49, 51, 30, 19, 6, 43, 57, 24, 40, 60, 21, 15, 34, 47, 53, 28, 36, 45, 55, 26, 38, 11, 25, 56, 44, 37, 27, 22, 59, 41, 23, 58, 42, 39, 10, 54, 46, 18, 31, 33, 48, 52, 29, 35]
tackling number = 61
starting fresh with vertext: 50
61: [50, 14, 2, 7, 9, 16, 20, 5, 4, 12, 13, 3, 1, 8, 17, 32, 49, 51, 30, 19, 6, 10, 15, 34, 47, 53, 11, 38, 43, 57, 24, 40, 41, 59, 22, 42, 58, 23, 26, 55, 45, 36, 28, 21, 60, 61, 39, 25, 56, 44, 37, 27, 54, 46, 18, 31, 33, 48, 52, 29, 35]
tackling number = 62
starting fresh with vertext: 50
62: [50, 14, 2, 7, 9, 16, 20, 5, 4, 12, 13, 3, 1, 8, 17, 32, 49, 51, 30, 6, 19, 62, 38, 11, 25, 56, 44, 37, 27, 22, 59, 41, 23, 58, 42, 39, 61, 60, 40, 24, 57, 43, 21, 15, 34, 47, 53, 28, 36, 45, 55, 26, 10, 54, 46, 18, 31, 33, 48, 52, 29, 35]
tackling number = 63
starting fresh with vertext: 50
63: [50, 14, 2, 7, 9, 16, 20, 5, 4, 12, 13, 3, 1, 8, 17, 19, 6, 43, 57, 24, 25, 56, 44, 37, 63, 18, 31, 33, 48, 52, 29, 35, 46, 54, 27, 22, 42, 58, 23, 26, 55, 45, 36, 28, 21, 15, 10, 39, 61, 60, 40, 41, 59, 62, 38, 11, 53, 47, 34, 30, 51, 49, 32]
tackling number = 64
starting fresh with vertext: 50
64: [50, 14, 2, 7, 9, 16, 20, 5, 4, 12, 13, 3, 1, 8, 17, 19, 45, 55, 26, 10, 15, 21, 43, 6, 58, 23, 41, 59, 62, 38, 11, 25, 56, 44, 37, 63, 18, 31, 33, 48, 52, 29, 35, 46, 54, 27, 22, 42, 39, 61, 60, 40, 24, 57, 64, 36, 28, 53, 47, 34, 30, 51, 49, 32]
tackling number = 65
starting fresh with vertext: 50
65: [50, 14, 2, 7, 9, 16, 20, 5, 4, 12, 13, 3, 1, 8, 17, 19, 45, 55, 26, 23, 41, 40, 24, 25, 11, 38, 62, 59, 22, 27, 54, 46, 18, 31, 33, 48, 52, 29, 35, 65, 56, 44, 37, 63, 58, 42, 39, 61, 60, 21, 15, 10, 6, 43, 57, 64, 36, 28, 53, 47, 34, 30, 51, 49, 32]
tackling number = 66
starting fresh with vertext: 50
66: [50, 14, 2, 7, 9, 16, 20, 5, 4, 12, 13, 3, 1, 8, 17, 19, 6, 43, 57, 64, 36, 45, 55, 66, 15, 10, 26, 23, 41, 40, 24, 25, 11, 38, 62, 59, 22, 27, 54, 46, 18, 31, 33, 48, 52, 29, 35, 65, 56, 44, 37, 63, 58, 42, 39, 61, 60, 21, 28, 53, 47, 34, 30, 51, 49, 32]
tackling number = 67
starting fresh with vertext: 50
67: [50, 14, 2, 7, 9, 16, 20, 5, 4, 12, 13, 3, 1, 48, 52, 29, 35, 46, 18, 31, 33, 67, 54, 27, 22, 42, 39, 61, 60, 21, 15, 10, 6, 43, 57, 64, 36, 28, 8, 17, 32, 49, 51, 30, 19, 45, 55, 66, 34, 47, 53, 11, 25, 24, 40, 41, 59, 62, 38, 26, 23, 58, 63, 37, 44, 56, 65]
tackling number = 68
starting fresh with vertext: 50
68: [50, 14, 2, 7, 9, 16, 20, 5, 4, 12, 13, 3, 1, 48, 52, 29, 35, 46, 18, 31, 33, 67, 54, 27, 22, 42, 39, 61, 60, 21, 15, 10, 6, 30, 51, 49, 32, 68, 53, 11, 25, 24, 40, 41, 59, 62, 19, 45, 55, 66, 34, 47, 17, 8, 28, 36, 64, 57, 43, 38, 26, 23, 58, 63, 37, 44, 56, 65]
tackling number = 69
starting fresh with vertext: 50
69: [50, 14, 2, 7, 9, 16, 20, 5, 4, 12, 13, 3, 1, 48, 33, 31, 69, 52, 29, 35, 65, 56, 44, 37, 27, 22, 42, 39, 61, 60, 21, 15, 10, 6, 30, 51, 49, 32, 68, 53, 11, 25, 24, 40, 41, 59, 62, 19, 45, 55, 66, 34, 47, 17, 8, 28, 36, 64, 57, 43, 38, 26, 23, 58, 63, 18, 46, 54, 67]
tackling number = 70
starting fresh with vertext: 50
70: [50, 14, 2, 7, 9, 16, 20, 5, 4, 12, 13, 3, 1, 48, 33, 31, 69, 52, 29, 35, 65, 56, 44, 37, 27, 22, 42, 39, 61, 60, 21, 15, 10, 6, 19, 45, 36, 28, 8, 17, 64, 57, 43, 38, 62, 59, 41, 40, 24, 25, 11, 70, 30, 51, 49, 32, 68, 53, 47, 34, 66, 55, 26, 23, 58, 63, 18, 46, 54, 67]
tackling number = 71
starting fresh with vertext: 49
71: [49, 15, 1, 3, 6, 10, 26, 23, 2, 7, 9, 16, 20, 5, 4, 12, 13, 36, 28, 8, 41, 40, 24, 25, 11, 38, 62, 59, 22, 14, 67, 33, 48, 52, 69, 31, 50, 71, 29, 35, 65, 56, 44, 37, 27, 54, 46, 18, 63, 58, 42, 39, 61, 60, 21, 43, 57, 64, 17, 32, 68, 53, 47, 34, 66, 55, 45, 19, 30, 51, 70]
tackling number = 72
starting fresh with vertext: 50
72: [50, 14, 2, 7, 9, 16, 20, 5, 4, 12, 13, 3, 1, 8, 17, 19, 6, 30, 51, 70, 11, 25, 24, 40, 41, 23, 26, 10, 71, 29, 35, 46, 18, 31, 69, 52, 48, 33, 67, 54, 27, 22, 59, 62, 38, 43, 57, 64, 36, 45, 55, 66, 15, 34, 47, 53, 68, 32, 49, 72, 28, 21, 60, 61, 39, 42, 58, 63, 37, 44, 56, 65]
tackling number = 73
starting fresh with vertext: 50
73: [50, 14, 2, 7, 9, 16, 20, 5, 4, 12, 13, 3, 1, 8, 17, 19, 6, 10, 15, 66, 34, 30, 51, 70, 11, 25, 24, 40, 41, 23, 26, 55, 45, 36, 64, 57, 43, 38, 62, 59, 22, 27, 37, 44, 56, 65, 35, 29, 71, 73, 48, 52, 69, 31, 33, 67, 54, 46, 18, 63, 58, 42, 39, 61, 60, 21, 28, 72, 49, 32, 68, 53, 47]
tackling number = 74
starting fresh with vertext: 50
74: [50, 14, 2, 7, 9, 16, 20, 5, 4, 12, 13, 3, 1, 8, 17, 19, 6, 10, 15, 21, 28, 72, 49, 32, 68, 53, 47, 74, 26, 23, 41, 40, 24, 25, 11, 70, 51, 30, 34, 66, 55, 45, 36, 64, 57, 43, 38, 62, 59, 22, 27, 37, 44, 56, 65, 35, 29, 71, 73, 48, 52, 69, 31, 33, 67, 54, 46, 18, 63, 58, 42, 39, 61, 60]
tackling number = 75
starting fresh with vertext: 50
75: [50, 14, 2, 7, 9, 16, 20, 5, 4, 12, 13, 3, 1, 8, 17, 19, 6, 10, 15, 21, 28, 72, 49, 32, 68, 53, 47, 74, 26, 23, 41, 40, 24, 25, 11, 70, 51, 30, 34, 66, 55, 45, 36, 64, 57, 43, 38, 62, 59, 22, 27, 37, 44, 56, 65, 35, 29, 71, 73, 48, 52, 69, 75, 46, 54, 67, 33, 31, 18, 63, 58, 42, 39, 61, 60]
tackling number = 76
starting fresh with vertext: 50
76: [50, 14, 2, 7, 9, 16, 20, 5, 4, 12, 13, 3, 1, 8, 17, 19, 6, 10, 15, 21, 28, 53, 47, 74, 26, 23, 41, 40, 60, 61, 39, 42, 58, 63, 18, 31, 33, 67, 54, 46, 75, 69, 52, 48, 73, 71, 29, 35, 65, 56, 44, 37, 27, 22, 59, 62, 38, 43, 57, 64, 36, 45, 55, 66, 34, 30, 51, 70, 11, 25, 24, 76, 68, 32, 49, 72]
tackling number = 77
starting fresh with vertext: 50
77: [50, 14, 2, 7, 9, 16, 20, 5, 4, 12, 13, 3, 1, 8, 17, 19, 6, 10, 15, 21, 28, 72, 49, 32, 68, 53, 47, 74, 26, 55, 66, 34, 30, 51, 70, 11, 25, 24, 76, 45, 36, 64, 57, 43, 38, 62, 59, 22, 27, 37, 44, 56, 65, 35, 29, 52, 69, 75, 46, 54, 67, 77, 23, 41, 40, 60, 61, 39, 42, 58, 63, 18, 31, 33, 48, 73, 71]
tackling number = 78
starting fresh with vertext: 50
78: [50, 14, 2, 7, 9, 16, 20, 5, 4, 12, 13, 3, 1, 8, 17, 19, 6, 10, 15, 21, 28, 36, 64, 57, 24, 25, 39, 61, 60, 40, 41, 23, 77, 44, 56, 65, 35, 29, 71, 73, 48, 52, 69, 75, 46, 18, 31, 33, 67, 54, 27, 37, 63, 58, 42, 22, 59, 62, 38, 43, 78, 66, 34, 30, 51, 70, 11, 53, 47, 74, 26, 55, 45, 76, 68, 32, 49, 72]
tackling number = 79
starting fresh with vertext: 50
79: [50, 14, 2, 7, 9, 16, 20, 5, 4, 12, 13, 3, 1, 8, 17, 19, 6, 10, 15, 21, 28, 72, 49, 32, 68, 53, 11, 70, 51, 30, 34, 47, 74, 26, 55, 66, 78, 22, 27, 37, 44, 56, 25, 24, 76, 45, 36, 64, 57, 43, 38, 62, 59, 41, 40, 60, 61, 39, 42, 79, 65, 35, 29, 52, 69, 75, 46, 54, 67, 77, 23, 58, 63, 18, 31, 33, 48, 73, 71]
tackling number = 80
starting fresh with vertext: 50
80: [50, 14, 2, 7, 9, 16, 20, 5, 4, 12, 13, 3, 1, 8, 17, 19, 6, 10, 15, 21, 28, 36, 45, 55, 26, 74, 47, 53, 11, 70, 51, 30, 34, 66, 78, 22, 59, 62, 38, 43, 57, 64, 80, 41, 23, 58, 42, 79, 65, 35, 29, 71, 73, 27, 37, 63, 18, 31, 33, 48, 52, 69, 75, 46, 54, 67, 77, 44, 56, 25, 39, 61, 60, 40, 24, 76, 68, 32, 49, 72]
tackling number = 81
starting fresh with vertext: 50
81: [50, 14, 2, 7, 9, 16, 20, 5, 4, 12, 13, 3, 1, 8, 17, 19, 6, 10, 15, 21, 28, 72, 49, 32, 68, 53, 11, 70, 51, 30, 34, 47, 74, 26, 55, 66, 78, 22, 59, 62, 38, 43, 57, 24, 76, 45, 36, 64, 80, 41, 23, 58, 42, 39, 61, 60, 40, 81, 63, 18, 31, 33, 67, 77, 44, 37, 27, 54, 46, 35, 29, 71, 73, 48, 52, 69, 75, 25, 56, 65, 79]
tackling number = 82
starting fresh with vertext: 50
82: [50, 14, 2, 7, 9, 16, 20, 5, 4, 12, 13, 3, 1, 8, 17, 19, 6, 10, 15, 21, 28, 36, 45, 55, 26, 74, 47, 53, 11, 70, 51, 30, 34, 66, 78, 22, 59, 41, 80, 64, 57, 43, 38, 62, 82, 18, 31, 33, 48, 52, 69, 75, 46, 35, 29, 71, 73, 27, 54, 67, 77, 23, 58, 42, 79, 65, 56, 44, 37, 63, 81, 40, 60, 61, 39, 25, 24, 76, 68, 32, 49, 72]
tackling number = 83
starting fresh with vertext: 50
83: [50, 14, 2, 7, 9, 16, 20, 5, 4, 12, 13, 3, 1, 8, 17, 19, 6, 10, 15, 21, 28, 72, 49, 32, 68, 53, 11, 70, 51, 30, 34, 47, 74, 26, 55, 66, 78, 22, 27, 37, 44, 56, 25, 39, 42, 79, 65, 35, 29, 52, 69, 75, 46, 54, 67, 77, 23, 58, 63, 81, 40, 60, 61, 83, 38, 43, 57, 24, 76, 45, 36, 64, 80, 41, 59, 62, 82, 18, 31, 33, 48, 73, 71]
tackling number = 84
starting fresh with vertext: 50
84: [50, 14, 2, 7, 9, 16, 20, 5, 4, 12, 13, 3, 1, 8, 17, 19, 6, 10, 15, 21, 28, 36, 45, 55, 26, 74, 47, 53, 11, 70, 51, 30, 34, 66, 78, 22, 27, 37, 84, 60, 40, 81, 63, 58, 23, 77, 44, 56, 65, 79, 42, 39, 61, 83, 38, 43, 57, 64, 80, 41, 59, 62, 82, 18, 31, 33, 67, 54, 46, 35, 29, 71, 73, 48, 52, 69, 75, 25, 24, 76, 68, 32, 49, 72]
tackling number = 85
starting fresh with vertext: 50
85: [50, 14, 2, 7, 9, 16, 20, 5, 4, 12, 13, 3, 1, 8, 17, 19, 6, 10, 15, 21, 28, 72, 49, 32, 68, 53, 11, 70, 51, 30, 34, 47, 74, 26, 23, 41, 80, 64, 36, 85, 59, 22, 78, 66, 55, 45, 76, 24, 57, 43, 38, 62, 82, 18, 31, 33, 48, 52, 69, 75, 46, 35, 29, 71, 73, 27, 54, 67, 77, 44, 37, 84, 60, 40, 81, 63, 58, 42, 79, 65, 56, 25, 39, 61, 83]
tackling number = 86
starting fresh with vertext: 50
86: [50, 14, 2, 7, 9, 16, 20, 5, 4, 12, 13, 3, 1, 8, 17, 19, 6, 10, 15, 21, 28, 36, 45, 55, 26, 74, 47, 53, 11, 70, 51, 30, 34, 66, 78, 22, 27, 37, 44, 56, 25, 39, 42, 79, 65, 35, 86, 83, 61, 60, 84, 85, 59, 41, 80, 64, 57, 43, 38, 62, 82, 18, 31, 33, 48, 73, 71, 29, 52, 69, 75, 46, 54, 67, 77, 23, 58, 63, 81, 40, 24, 76, 68, 32, 49, 72]
tackling number = 87
starting fresh with vertext: 50

tackling number = 87
starting fresh with vertext: 87
87: [87, 13, 3, 1, 8, 17, 19, 6, 10, 15, 21, 4, 5, 11, 14, 2, 7, 9, 16, 20, 29, 35, 46, 18, 31, 33, 48, 52, 12, 69, 75, 25, 24, 40, 81, 63, 37, 44, 56, 65, 79, 42, 22, 59, 41, 80, 64, 57, 43, 78, 66, 55, 26, 74, 70, 51, 30, 34, 47, 53, 28, 72, 49, 32, 68, 76, 45, 36, 85, 84, 60, 61, 39, 82, 62, 38, 83, 86, 58, 23, 77, 67, 54, 27, 73, 71, 50]
tackling number = 88
starting fresh with vertext: 1
88: [1, 80, 64, 57, 87, 82, 62, 59, 85, 84, 60, 61, 83, 86, 58, 63, 81, 88, 56, 65, 79, 42, 39, 25, 75, 69, 52, 48, 73, 71, 50, 31, 33, 67, 77, 44, 37, 27, 54, 46, 35, 29, 20, 16, 9, 72, 49, 51, 70, 74, 47, 53, 68, 76, 45, 55, 66, 78, 3, 22, 14, 11, 5, 4, 32, 17, 8, 28, 36, 13, 12, 24, 40, 41, 23, 26, 38, 43, 21, 15, 10, 6, 19, 30, 34, 2, 7, 18]
tackling number = 89
starting fresh with vertext: 1
89: [1, 80, 89, 55, 66, 78, 43, 57, 87, 82, 62, 59, 85, 84, 60, 61, 83, 86, 58, 63, 81, 88, 56, 65, 79, 42, 39, 25, 75, 69, 52, 48, 73, 71, 50, 31, 33, 67, 77, 44, 37, 27, 54, 46, 35, 29, 20, 16, 9, 72, 49, 51, 70, 74, 47, 53, 68, 76, 5, 11, 38, 26, 23, 13, 12, 24, 40, 41, 8, 28, 21, 4, 32, 17, 64, 36, 45, 19, 30, 34, 15, 10, 6, 3, 22, 14, 2, 7, 18]
tackling number = 90
starting fresh with vertext: 1
90: [1, 80, 89, 55, 66, 78, 43, 57, 87, 82, 62, 59, 85, 84, 60, 61, 83, 86, 58, 63, 81, 88, 56, 65, 79, 90, 54, 67, 77, 44, 37, 27, 73, 71, 50, 31, 69, 75, 46, 35, 29, 52, 48, 33, 16, 20, 5, 76, 68, 53, 47, 74, 70, 51, 49, 72, 28, 8, 41, 23, 26, 38, 11, 25, 39, 42, 22, 14, 2, 34, 30, 19, 45, 36, 64, 17, 32, 4, 21, 15, 10, 6, 3, 13, 12, 24, 40, 9, 7, 18]
tackling number = 91
starting fresh with vertext: 1
91: [1, 80, 89, 55, 66, 78, 91, 53, 68, 76, 45, 36, 85, 84, 60, 61, 83, 86, 58, 63, 81, 88, 56, 65, 79, 90, 54, 67, 77, 44, 37, 27, 73, 71, 50, 31, 69, 75, 46, 35, 29, 52, 48, 33, 16, 20, 5, 59, 62, 82, 87, 57, 64, 17, 47, 74, 70, 51, 49, 32, 4, 21, 43, 38, 26, 10, 15, 34, 30, 19, 6, 3, 22, 42, 39, 25, 11, 14, 2, 23, 13, 12, 24, 40, 41, 8, 28, 72, 9, 7, 18]
tackling number = 92
starting fresh with vertext: 1
92: [1, 80, 89, 55, 66, 78, 91, 53, 68, 76, 45, 36, 85, 84, 60, 61, 83, 86, 58, 63, 81, 88, 56, 65, 79, 90, 54, 67, 77, 92, 52, 69, 75, 46, 35, 29, 71, 73, 48, 33, 31, 50, 14, 22, 59, 62, 82, 87, 57, 64, 17, 47, 74, 70, 51, 30, 19, 6, 3, 13, 23, 2, 34, 15, 10, 26, 38, 43, 21, 4, 32, 49, 72, 28, 8, 41, 40, 24, 12, 37, 27, 9, 16, 20, 44, 5, 11, 25, 39, 42, 7, 18]
tackling number = 93
starting fresh with vertext: 1
93: [1, 80, 89, 55, 66, 78, 91, 53, 68, 76, 93, 51, 70, 74, 47, 34, 87, 82, 62, 59, 85, 84, 60, 61, 83, 86, 58, 63, 81, 88, 56, 65, 79, 90, 54, 67, 77, 92, 52, 69, 75, 46, 35, 29, 71, 73, 48, 33, 31, 50, 14, 22, 42, 39, 25, 24, 40, 41, 8, 28, 72, 49, 32, 17, 19, 30, 6, 3, 13, 12, 37, 27, 9, 16, 20, 44, 5, 11, 38, 43, 57, 64, 36, 45, 4, 21, 15, 10, 26, 23, 2, 7, 18]
tackling number = 94
starting fresh with vertext: 1
94: [1, 80, 89, 55, 66, 78, 91, 53, 68, 76, 93, 51, 70, 74, 47, 34, 87, 82, 62, 59, 85, 84, 60, 61, 83, 86, 58, 63, 81, 88, 56, 65, 79, 90, 54, 67, 77, 92, 52, 69, 75, 94, 50, 71, 73, 48, 33, 31, 18, 46, 35, 29, 20, 44, 37, 27, 22, 42, 7, 57, 64, 36, 45, 19, 30, 6, 3, 13, 12, 24, 25, 39, 10, 26, 38, 43, 21, 15, 49, 72, 28, 8, 17, 32, 4, 5, 11, 14, 2, 23, 41, 40, 9, 16]
tackling number = 95
starting fresh with vertext: 1
95: [1, 80, 89, 55, 66, 78, 91, 53, 68, 76, 93, 51, 70, 74, 95, 49, 72, 28, 36, 85, 84, 60, 61, 83, 86, 58, 63, 81, 88, 56, 65, 79, 90, 54, 67, 77, 92, 52, 69, 75, 94, 50, 71, 73, 48, 33, 31, 18, 82, 87, 57, 64, 17, 32, 4, 45, 19, 62, 59, 22, 42, 7, 29, 35, 46, 3, 6, 30, 34, 47, 2, 14, 11, 5, 44, 20, 16, 9, 27, 37, 12, 13, 23, 26, 38, 43, 21, 15, 10, 39, 25, 24, 40, 41, 8]
tackling number = 96
starting fresh with vertext: 1
96: [1, 80, 89, 55, 66, 78, 91, 53, 68, 76, 93, 51, 70, 74, 95, 49, 72, 28, 36, 85, 84, 60, 61, 83, 86, 58, 63, 81, 88, 56, 65, 79, 90, 54, 67, 77, 92, 52, 69, 75, 94, 50, 71, 73, 96, 48, 33, 31, 18, 82, 87, 57, 64, 17, 32, 4, 45, 19, 62, 59, 22, 42, 7, 29, 35, 46, 3, 6, 30, 34, 47, 2, 14, 11, 5, 44, 20, 16, 9, 27, 37, 12, 13, 23, 26, 38, 43, 21, 15, 10, 39, 25, 24, 40, 41, 8]
tackling number = 97
starting fresh with vertext: 1
97: [1, 80, 89, 55, 66, 78, 91, 53, 68, 76, 93, 51, 70, 74, 95, 49, 72, 97, 47, 34, 87, 82, 62, 59, 85, 84, 60, 61, 83, 86, 58, 63, 81, 88, 56, 65, 79, 90, 54, 67, 77, 92, 52, 69, 75, 94, 50, 71, 73, 96, 48, 33, 31, 18, 46, 35, 29, 20, 44, 37, 27, 22, 42, 7, 57, 64, 17, 32, 4, 5, 11, 14, 2, 23, 26, 38, 43, 21, 15, 10, 39, 25, 24, 12, 13, 3, 6, 30, 19, 45, 36, 28, 8, 41, 40, 9, 16]
tackling number = 98
starting fresh with vertext: 1
98: [1, 80, 89, 55, 66, 78, 91, 53, 68, 76, 93, 51, 70, 74, 95, 49, 72, 97, 47, 34, 87, 82, 62, 59, 85, 84, 60, 61, 83, 86, 58, 63, 81, 88, 56, 65, 79, 90, 54, 67, 77, 92, 52, 69, 75, 94, 50, 71, 98, 46, 35, 29, 20, 44, 37, 27, 73, 96, 48, 33, 31, 18, 7, 57, 64, 17, 32, 4, 5, 11, 38, 43, 21, 15, 10, 26, 23, 2, 14, 22, 42, 39, 25, 24, 12, 13, 3, 6, 30, 19, 45, 36, 28, 8, 41, 40, 9, 16]
tackling number = 99
starting fresh with vertext: 1
99: [1, 99, 97, 72, 49, 95, 74, 70, 51, 93, 76, 68, 53, 91, 78, 66, 55, 89, 80, 64, 57, 87, 82, 62, 59, 85, 84, 60, 61, 83, 86, 58, 63, 81, 88, 56, 65, 79, 90, 54, 67, 77, 92, 52, 69, 75, 94, 50, 71, 98, 46, 35, 29, 20, 44, 37, 27, 73, 96, 48, 33, 31, 18, 7, 42, 39, 25, 24, 12, 13, 36, 45, 19, 30, 34, 47, 17, 32, 4, 5, 11, 38, 43, 6, 3, 22, 14, 2, 23, 26, 10, 15, 21, 28, 8, 41, 40, 9, 16]
tackling number = 100
starting fresh with vertext: 1
100: [1, 99, 97, 72, 49, 95, 74, 70, 51, 93, 76, 68, 53, 91, 78, 66, 55, 89, 80, 64, 57, 87, 82, 62, 59, 85, 84, 60, 61, 83, 86, 58, 63, 81, 88, 56, 65, 79, 90, 54, 67, 77, 92, 52, 69, 100, 96, 73, 71, 98, 46, 75, 94, 50, 31, 33, 48, 16, 20, 44, 37, 27, 9, 40, 41, 23, 26, 38, 43, 21, 28, 8, 17, 32, 4, 5, 11, 25, 24, 12, 13, 36, 45, 19, 30, 6, 3, 22, 42, 39, 10, 15, 34, 47, 2, 14, 35, 29, 7, 18]
tackling number = 101
starting fresh with vertext: 1
101: [1, 99, 97, 72, 49, 95, 101, 68, 76, 93, 51, 70, 74, 47, 53, 91, 78, 66, 55, 89, 80, 64, 57, 87, 82, 62, 59, 85, 84, 60, 61, 83, 86, 58, 63, 81, 88, 56, 65, 79, 90, 54, 67, 77, 92, 52, 69, 100, 96, 73, 71, 98, 46, 75, 94, 50, 31, 33, 48, 16, 20, 44, 37, 27, 9, 40, 41, 23, 26, 38, 43, 21, 28, 8, 17, 32, 4, 5, 11, 25, 24, 12, 13, 36, 45, 19, 30, 6, 3, 22, 42, 39, 10, 15, 34, 2, 14, 35, 29, 7, 18]
tackling number = 102
starting fresh with vertext: 1
102: [1, 99, 97, 72, 49, 95, 101, 68, 76, 93, 51, 70, 74, 47, 53, 91, 78, 66, 55, 89, 80, 64, 57, 87, 82, 62, 59, 85, 84, 60, 61, 83, 86, 58, 63, 81, 88, 56, 65, 79, 90, 54, 67, 102, 94, 75, 69, 100, 96, 73, 71, 98, 46, 35, 29, 92, 77, 44, 37, 27, 22, 42, 39, 25, 24, 40, 41, 23, 26, 38, 43, 21, 28, 8, 17, 32, 4, 12, 52, 48, 33, 3, 13, 36, 45, 19, 30, 6, 10, 15, 34, 2, 14, 50, 31, 18, 7, 9, 16, 20, 5, 11]
tackling number = 103
starting fresh with vertext: 1
103: [1, 99, 97, 72, 49, 95, 101, 68, 76, 93, 103, 66, 78, 91, 53, 47, 74, 70, 51, 30, 34, 87, 82, 62, 59, 85, 84, 60, 61, 83, 86, 58, 63, 81, 88, 56, 65, 79, 90, 54, 67, 102, 94, 75, 69, 100, 96, 73, 71, 98, 46, 35, 29, 92, 77, 44, 37, 27, 22, 42, 39, 25, 24, 57, 64, 80, 89, 55, 45, 36, 28, 21, 15, 10, 26, 38, 43, 6, 19, 17, 32, 4, 12, 52, 48, 33, 3, 13, 23, 2, 7, 18, 31, 50, 14, 11, 5, 20, 16, 9, 40, 41, 8]
tackling number = 104
starting fresh with vertext: 1
104: [1, 99, 97, 72, 49, 95, 101, 68, 76, 93, 103, 66, 78, 91, 53, 47, 74, 70, 51, 30, 34, 87, 82, 62, 59, 85, 84, 60, 61, 83, 86, 58, 63, 81, 88, 56, 65, 104, 92, 77, 67, 102, 94, 75, 69, 100, 96, 73, 71, 98, 46, 54, 90, 79, 42, 39, 25, 24, 57, 64, 80, 89, 55, 45, 36, 28, 21, 15, 10, 26, 23, 2, 7, 18, 31, 50, 14, 35, 29, 52, 48, 33, 16, 20, 44, 37, 12, 13, 3, 22, 27, 9, 40, 41, 8, 17, 32, 4, 5, 11, 38, 43, 6, 19]
tackling number = 105
starting fresh with vertext: 1
105: [1, 99, 97, 72, 49, 95, 101, 68, 76, 93, 103, 66, 78, 91, 105, 64, 80, 89, 55, 45, 36, 85, 84, 60, 61, 83, 86, 58, 63, 81, 88, 56, 65, 104, 92, 77, 67, 102, 94, 75, 69, 100, 96, 73, 71, 98, 46, 54, 90, 79, 42, 39, 82, 87, 57, 43, 38, 62, 59, 41, 40, 24, 25, 11, 70, 74, 47, 53, 28, 21, 15, 34, 2, 23, 26, 10, 6, 19, 30, 51, 13, 12, 52, 29, 35, 14, 50, 31, 18, 7, 9, 16, 48, 33, 3, 22, 27, 37, 44, 20, 5, 4, 32, 17, 8]
tackling number = 106
starting fresh with vertext: 1
106: [1, 99, 97, 72, 49, 95, 101, 68, 76, 93, 103, 66, 78, 91, 105, 64, 80, 89, 55, 45, 36, 85, 84, 60, 61, 83, 86, 58, 63, 106, 90, 79, 65, 104, 92, 77, 67, 102, 94, 75, 69, 100, 96, 73, 71, 98, 46, 54, 27, 37, 44, 56, 88, 81, 40, 41, 59, 62, 82, 87, 57, 43, 38, 26, 74, 70, 51, 30, 34, 47, 2, 23, 13, 12, 24, 25, 39, 42, 22, 3, 33, 48, 52, 29, 35, 14, 50, 31, 18, 7, 9, 16, 20, 5, 11, 53, 28, 8, 17, 32, 4, 21, 15, 10, 6, 19]
tackling number = 107
starting fresh with vertext: 1
107: [1, 99, 97, 72, 49, 95, 101, 68, 76, 93, 103, 66, 78, 91, 105, 64, 80, 89, 107, 62, 82, 87, 57, 43, 38, 106, 90, 79, 65, 104, 92, 77, 67, 102, 94, 75, 69, 100, 96, 73, 71, 98, 46, 54, 27, 37, 84, 85, 59, 41, 40, 81, 88, 56, 44, 20, 61, 83, 86, 58, 63, 18, 31, 50, 14, 35, 29, 52, 48, 33, 16, 9, 55, 45, 36, 28, 8, 17, 32, 4, 60, 21, 15, 34, 30, 19, 6, 3, 22, 42, 7, 74, 70, 51, 13, 12, 24, 25, 39, 10, 26, 23, 2, 47, 53, 11, 5]
tackling number = 108
starting fresh with vertext: 1
108: [1, 99, 97, 72, 49, 95, 101, 68, 76, 93, 103, 66, 78, 91, 105, 64, 80, 89, 107, 62, 82, 87, 57, 43, 38, 106, 90, 79, 65, 104, 92, 77, 67, 102, 94, 75, 69, 100, 96, 73, 71, 98, 46, 54, 27, 37, 84, 85, 59, 41, 40, 81, 88, 108, 61, 83, 86, 58, 63, 18, 31, 50, 14, 35, 29, 52, 48, 33, 16, 20, 44, 56, 25, 24, 12, 13, 51, 70, 74, 47, 53, 11, 5, 4, 60, 21, 15, 34, 30, 19, 6, 3, 22, 42, 39, 10, 26, 23, 2, 7, 9, 55, 45, 36, 28, 8, 17, 32]
tackling number = 109
starting fresh with vertext: 1
109: [1, 99, 97, 72, 49, 95, 101, 68, 76, 93, 103, 66, 78, 91, 105, 64, 80, 89, 107, 62, 82, 87, 109, 60, 84, 85, 59, 41, 40, 104, 92, 77, 67, 102, 94, 75, 69, 100, 96, 73, 71, 98, 46, 54, 90, 106, 63, 81, 88, 108, 61, 83, 86, 58, 42, 79, 65, 56, 44, 37, 27, 22, 14, 50, 31, 18, 7, 74, 70, 51, 30, 19, 6, 3, 13, 36, 45, 55, 9, 16, 33, 48, 52, 12, 24, 57, 43, 38, 26, 23, 2, 34, 47, 53, 28, 8, 17, 32, 4, 21, 15, 10, 39, 25, 11, 5, 20, 29, 35]
tackling number = 110
starting fresh with vertext: 1
110: [1, 99, 97, 72, 49, 95, 101, 68, 76, 93, 103, 66, 78, 91, 105, 64, 80, 89, 107, 62, 82, 87, 109, 60, 84, 85, 59, 110, 86, 83, 61, 108, 88, 81, 63, 106, 90, 79, 65, 104, 92, 77, 67, 102, 94, 75, 69, 100, 96, 73, 71, 98, 46, 54, 27, 37, 44, 56, 25, 39, 42, 58, 23, 41, 40, 24, 57, 43, 38, 26, 74, 70, 51, 30, 34, 2, 47, 53, 11, 5, 20, 29, 35, 14, 50, 31, 18, 7, 9, 55, 45, 19, 6, 10, 15, 21, 4, 32, 17, 8, 28, 36, 13, 12, 52, 48, 16, 33, 3, 22]
tackling number = 111
starting fresh with vertext: 1
111: [1, 99, 97, 72, 49, 95, 101, 68, 76, 93, 103, 66, 78, 91, 105, 64, 80, 89, 107, 62, 82, 87, 109, 60, 84, 85, 111, 58, 86, 110, 59, 41, 40, 104, 92, 77, 67, 102, 94, 75, 69, 100, 96, 73, 71, 98, 46, 54, 90, 106, 63, 81, 88, 108, 61, 83, 38, 43, 57, 24, 25, 56, 65, 79, 42, 39, 10, 26, 74, 70, 51, 30, 34, 15, 21, 28, 36, 13, 23, 2, 47, 53, 11, 5, 44, 37, 27, 22, 3, 6, 19, 45, 55, 9, 7, 18, 31, 50, 14, 35, 29, 20, 16, 33, 48, 52, 12, 4, 32, 17, 8]
tackling number = 112
starting fresh with vertext: 1
112: [1, 99, 97, 72, 49, 95, 101, 68, 76, 93, 103, 66, 78, 91, 105, 64, 80, 89, 107, 62, 82, 87, 109, 60, 84, 112, 57, 43, 38, 106, 90, 79, 65, 104, 92, 77, 67, 102, 94, 75, 69, 100, 96, 73, 71, 98, 46, 54, 27, 37, 63, 81, 88, 108, 61, 83, 86, 110, 59, 85, 111, 58, 42, 39, 25, 56, 44, 20, 29, 35, 14, 50, 31, 18, 7, 74, 70, 51, 30, 34, 47, 2, 23, 26, 55, 9, 16, 33, 48, 52, 12, 24, 40, 41, 8, 17, 32, 4, 5, 11, 53, 28, 21, 15, 10, 6, 19, 45, 36, 13, 3, 22]

