tackling number = 32
starting fresh with vertext: 1
32: [1, 8, 28, 21, 4, 32, 17, 19, 30, 6, 3, 13, 12, 24, 25, 11, 5, 31, 18, 7, 29, 20, 16, 9, 27, 22, 14, 2, 23, 26, 10, 15]
tackling number = 33
starting fresh with vertext: 1
33: [1, 8, 28, 21, 4, 32, 17, 19, 30, 6, 3, 13, 12, 24, 25, 11, 5, 20, 29, 7, 18, 31, 33, 16, 9, 27, 22, 14, 2, 23, 26, 10, 15]
tackling number = 34
starting fresh with vertext: 1
34: [1, 3, 13, 12, 4, 32, 17, 8, 28, 21, 15, 34, 30, 19, 6, 10, 26, 23, 2, 14, 22, 27, 9, 16, 33, 31, 18, 7, 29, 20, 5, 11, 25, 24]
tackling number = 35
starting fresh with vertext: 1
35: [1, 3, 6, 19, 30, 34, 2, 7, 18, 31, 33, 16, 9, 27, 22, 14, 11, 25, 24, 12, 13, 23, 26, 10, 15, 21, 28, 8, 17, 32, 4, 5, 20, 29, 35]
tackling number = 36
starting fresh with vertext: 1
36: [1, 3, 6, 19, 30, 34, 2, 23, 26, 10, 15, 21, 4, 32, 17, 8, 28, 36, 13, 12, 24, 25, 11, 5, 20, 29, 7, 18, 31, 33, 16, 9, 27, 22, 14, 35]
tackling number = 37
starting fresh with vertext: 1
37: [1, 3, 22, 14, 35, 29, 20, 5, 11, 25, 24, 12, 37, 27, 9, 16, 33, 31, 18, 7, 2, 34, 15, 21, 4, 32, 17, 19, 30, 6, 10, 26, 23, 13, 36, 28, 8]
tackling number = 38
starting fresh with vertext: 1
38: [1, 3, 33, 16, 9, 7, 18, 31, 5, 20, 29, 35, 14, 22, 27, 37, 12, 13, 36, 28, 8, 17, 32, 4, 21, 15, 10, 6, 19, 30, 34, 2, 23, 26, 38, 11, 25, 24]
tackling number = 39
starting fresh with vertext: 1
39: [1, 3, 22, 14, 2, 7, 18, 31, 33, 16, 9, 27, 37, 12, 24, 25, 39, 10, 6, 19, 30, 34, 15, 21, 4, 32, 17, 8, 28, 36, 13, 23, 26, 38, 11, 5, 20, 29, 35]
tackling number = 40
starting fresh with vertext: 1
40: [1, 3, 6, 19, 30, 34, 2, 7, 18, 31, 33, 16, 9, 40, 24, 25, 39, 10, 15, 21, 28, 36, 13, 23, 26, 38, 11, 5, 20, 29, 35, 14, 22, 27, 37, 12, 4, 32, 17, 8]
tackling number = 41
starting fresh with vertext: 1
41: [1, 3, 6, 10, 39, 25, 24, 12, 37, 27, 22, 14, 35, 29, 20, 5, 11, 38, 26, 23, 13, 36, 28, 8, 41, 40, 9, 16, 33, 31, 18, 7, 2, 34, 30, 19, 17, 32, 4, 21, 15]
tackling number = 42
starting fresh with vertext: 1
42: [1, 3, 6, 10, 15, 21, 4, 32, 17, 19, 30, 34, 2, 14, 22, 27, 37, 12, 24, 25, 39, 42, 7, 18, 31, 33, 16, 9, 40, 41, 8, 28, 36, 13, 23, 26, 38, 11, 5, 20, 29, 35]
tackling number = 43
starting fresh with vertext: 1
43: [1, 3, 6, 10, 15, 21, 43, 38, 26, 23, 2, 34, 30, 19, 17, 32, 4, 5, 11, 14, 22, 42, 39, 25, 24, 40, 41, 8, 28, 36, 13, 12, 37, 27, 9, 7, 18, 31, 33, 16, 20, 29, 35]
tackling number = 44
starting fresh with vertext: 1
44: [1, 3, 6, 10, 15, 21, 43, 38, 26, 23, 2, 34, 30, 19, 17, 32, 4, 5, 11, 14, 22, 27, 9, 16, 33, 31, 18, 7, 42, 39, 25, 24, 40, 41, 8, 28, 36, 13, 12, 37, 44, 20, 29, 35]
tackling number = 45
starting fresh with vertext: 1
45: [1, 3, 6, 10, 15, 21, 43, 38, 26, 23, 13, 12, 24, 25, 39, 42, 22, 14, 11, 5, 44, 37, 27, 9, 40, 41, 8, 28, 36, 45, 4, 32, 17, 19, 30, 34, 2, 7, 18, 31, 33, 16, 20, 29, 35]
tackling number = 46
starting fresh with vertext: 1
46: [1, 3, 6, 10, 15, 21, 43, 38, 26, 23, 13, 12, 24, 25, 39, 42, 22, 14, 11, 5, 44, 37, 27, 9, 40, 41, 8, 28, 36, 45, 4, 32, 17, 19, 30, 34, 2, 7, 29, 20, 16, 33, 31, 18, 46, 35]
tackling number = 47
starting fresh with vertext: 1
47: [1, 3, 6, 10, 15, 21, 43, 38, 26, 23, 13, 12, 4, 32, 17, 47, 2, 34, 30, 19, 45, 36, 28, 8, 41, 40, 9, 7, 29, 20, 16, 33, 31, 18, 46, 35, 14, 11, 5, 44, 37, 27, 22, 42, 39, 25, 24]
tackling number = 48
starting fresh with vertext: 1
48: [1, 3, 6, 10, 15, 21, 43, 38, 26, 23, 13, 12, 4, 32, 17, 47, 2, 34, 30, 19, 45, 36, 28, 8, 41, 40, 9, 7, 29, 20, 16, 48, 33, 31, 18, 46, 35, 14, 11, 5, 44, 37, 27, 22, 42, 39, 25, 24]
tackling number = 49
starting fresh with vertext: 1
49: [1, 3, 6, 10, 15, 49, 32, 4, 5, 11, 14, 2, 7, 9, 27, 22, 42, 39, 25, 24, 40, 41, 8, 17, 47, 34, 30, 19, 45, 36, 28, 21, 43, 38, 26, 23, 13, 12, 37, 44, 20, 29, 35, 46, 18, 31, 33, 16, 48]
tackling number = 50
starting fresh with vertext: 1
50: [1, 3, 6, 10, 15, 49, 32, 4, 5, 11, 14, 50, 31, 18, 46, 35, 29, 7, 9, 27, 22, 42, 39, 25, 24, 40, 41, 8, 17, 47, 2, 34, 30, 19, 45, 36, 28, 21, 43, 38, 26, 23, 13, 12, 37, 44, 20, 16, 33, 48]
tackling number = 51
starting fresh with vertext: 1
51: [1, 3, 6, 10, 15, 21, 43, 38, 26, 23, 2, 7, 9, 27, 22, 42, 39, 25, 24, 40, 41, 8, 28, 36, 13, 51, 49, 32, 17, 47, 34, 30, 19, 45, 4, 12, 37, 44, 5, 11, 14, 50, 31, 18, 46, 35, 29, 20, 16, 33, 48]
tackling number = 52
starting fresh with vertext: 1
52: [1, 3, 6, 10, 15, 21, 43, 38, 26, 23, 2, 7, 9, 16, 33, 48, 52, 12, 37, 27, 22, 42, 39, 25, 11, 14, 50, 31, 18, 46, 35, 29, 20, 44, 5, 4, 45, 19, 30, 34, 47, 17, 32, 49, 51, 13, 36, 28, 8, 41, 40, 24]
tackling number = 53
starting fresh with vertext: 1
53: [1, 3, 6, 10, 15, 21, 43, 38, 26, 23, 2, 7, 9, 16, 33, 48, 52, 12, 4, 45, 19, 30, 34, 47, 17, 32, 49, 51, 13, 36, 28, 53, 11, 14, 50, 31, 18, 46, 35, 29, 20, 5, 44, 37, 27, 22, 42, 39, 25, 24, 40, 41, 8]
tackling number = 54
starting fresh with vertext: 1
54: [1, 3, 6, 10, 15, 21, 43, 38, 26, 23, 2, 7, 9, 16, 33, 48, 52, 12, 13, 36, 45, 19, 17, 47, 34, 30, 51, 49, 32, 4, 5, 11, 53, 28, 8, 41, 40, 24, 25, 39, 42, 22, 14, 50, 31, 18, 46, 54, 27, 37, 44, 20, 29, 35]
tackling number = 55
starting fresh with vertext: 1
55: [1, 3, 6, 10, 15, 21, 43, 38, 11, 5, 4, 12, 13, 23, 26, 55, 9, 7, 2, 34, 47, 53, 28, 36, 45, 19, 30, 51, 49, 32, 17, 8, 41, 40, 24, 25, 39, 42, 22, 14, 50, 31, 18, 46, 54, 27, 37, 44, 20, 16, 33, 48, 52, 29, 35]
tackling number = 56
starting fresh with vertext: 1
56: [1, 3, 6, 10, 15, 21, 43, 38, 11, 5, 4, 12, 24, 40, 41, 8, 56, 25, 39, 42, 22, 14, 50, 31, 18, 7, 2, 34, 30, 19, 45, 36, 28, 53, 47, 17, 32, 49, 51, 13, 23, 26, 55, 9, 16, 33, 48, 52, 29, 20, 44, 37, 27, 54, 46, 35]
tackling number = 57
starting fresh with vertext: 1
57: [1, 3, 6, 10, 15, 21, 4, 5, 11, 14, 50, 31, 18, 7, 2, 23, 13, 36, 28, 53, 47, 34, 30, 51, 49, 32, 17, 19, 45, 55, 26, 38, 43, 57, 24, 12, 37, 44, 20, 29, 52, 48, 33, 16, 9, 40, 41, 8, 56, 25, 39, 42, 22, 27, 54, 46, 35]
tackling number = 58
starting fresh with vertext: 1
58: [1, 3, 6, 10, 15, 21, 4, 5, 11, 25, 39, 42, 58, 23, 13, 36, 28, 53, 47, 2, 34, 30, 51, 49, 32, 17, 19, 45, 55, 26, 38, 43, 57, 24, 40, 41, 8, 56, 44, 37, 12, 52, 48, 33, 31, 50, 14, 22, 27, 54, 46, 18, 7, 9, 16, 20, 29, 35]
tackling number = 59
starting fresh with vertext: 1
59: [1, 3, 6, 10, 15, 21, 4, 5, 11, 14, 50, 31, 18, 7, 2, 23, 58, 42, 39, 25, 56, 8, 17, 32, 49, 51, 13, 36, 28, 53, 47, 34, 30, 19, 45, 55, 26, 38, 43, 57, 24, 12, 37, 44, 20, 29, 52, 48, 33, 16, 9, 40, 41, 59, 22, 27, 54, 46, 35]
tackling number = 61
starting fresh with vertext: 1
61: [1, 3, 6, 10, 15, 21, 4, 5, 11, 14, 50, 31, 18, 7, 2, 23, 58, 42, 22, 59, 41, 8, 28, 53, 47, 34, 30, 51, 49, 32, 17, 19, 45, 36, 13, 12, 37, 27, 54, 46, 35, 29, 52, 48, 33, 16, 20, 44, 56, 25, 39, 61, 60, 40, 9, 55, 26, 38, 43, 57, 24]
tackling number = 62
starting fresh with vertext: 1
62: [1, 3, 6, 10, 15, 21, 4, 5, 11, 14, 50, 31, 18, 7, 2, 34, 30, 19, 45, 36, 13, 51, 49, 32, 17, 47, 53, 28, 8, 41, 40, 60, 61, 20, 29, 52, 48, 33, 16, 9, 55, 26, 23, 58, 42, 39, 25, 56, 44, 37, 12, 24, 57, 43, 38, 62, 59, 22, 27, 54, 46, 35]
tackling number = 63
starting fresh with vertext: 1
63: [1, 3, 6, 10, 15, 21, 4, 5, 11, 14, 50, 31, 18, 7, 2, 23, 13, 12, 24, 57, 43, 38, 26, 55, 9, 16, 33, 48, 52, 29, 20, 44, 56, 25, 39, 61, 60, 40, 41, 8, 17, 32, 49, 51, 30, 34, 47, 53, 28, 36, 45, 19, 62, 59, 22, 42, 58, 63, 37, 27, 54, 46, 35]
tackling number = 64
starting fresh with vertext: 1
64: [1, 3, 6, 10, 15, 21, 4, 5, 11, 14, 50, 31, 18, 7, 2, 23, 13, 12, 24, 25, 39, 42, 58, 63, 37, 44, 56, 8, 41, 40, 60, 61, 20, 29, 52, 48, 33, 16, 9, 55, 26, 38, 43, 57, 64, 17, 32, 49, 51, 30, 34, 47, 53, 28, 36, 45, 19, 62, 59, 22, 27, 54, 46, 35]
tackling number = 65
starting fresh with vertext: 1
65: [1, 3, 6, 10, 15, 21, 4, 5, 11, 14, 50, 31, 18, 7, 2, 23, 13, 12, 24, 25, 39, 42, 58, 63, 37, 44, 56, 65, 35, 46, 54, 27, 22, 59, 62, 19, 45, 36, 28, 53, 47, 34, 30, 51, 49, 32, 17, 64, 57, 43, 38, 26, 55, 9, 16, 33, 48, 52, 29, 20, 61, 60, 40, 41, 8]
tackling number = 66
starting fresh with vertext: 1
66: [1, 3, 6, 10, 15, 21, 4, 5, 11, 14, 50, 31, 18, 7, 2, 23, 26, 38, 43, 57, 64, 17, 32, 49, 51, 30, 19, 62, 59, 22, 42, 58, 63, 37, 44, 20, 29, 52, 48, 33, 16, 9, 27, 54, 46, 35, 65, 56, 25, 39, 61, 60, 40, 41, 8, 28, 53, 47, 34, 66, 55, 45, 36, 13, 12, 24]
tackling number = 67
starting fresh with vertext: 1
67: [1, 63, 58, 42, 39, 61, 60, 40, 41, 59, 62, 38, 43, 57, 64, 36, 45, 55, 66, 34, 47, 53, 28, 21, 15, 49, 51, 30, 19, 17, 32, 4, 5, 11, 25, 24, 12, 13, 23, 26, 10, 6, 3, 22, 27, 37, 44, 20, 16, 9, 7, 2, 14, 50, 31, 18, 46, 54, 67, 33, 48, 52, 29, 35, 65, 56, 8]
tackling number = 68
starting fresh with vertext: 1
68: [1, 63, 58, 42, 39, 61, 60, 40, 41, 59, 62, 38, 43, 57, 64, 36, 45, 55, 66, 34, 47, 53, 68, 32, 49, 51, 30, 6, 19, 17, 8, 28, 21, 15, 10, 26, 23, 13, 3, 22, 27, 54, 67, 33, 48, 52, 29, 20, 16, 9, 7, 2, 14, 50, 31, 18, 46, 35, 65, 56, 44, 37, 12, 4, 5, 11, 25, 24]
tackling number = 69
starting fresh with vertext: 1
69: [1, 63, 58, 42, 39, 61, 60, 40, 41, 59, 62, 38, 43, 57, 64, 36, 45, 55, 66, 34, 47, 53, 68, 32, 49, 51, 30, 6, 19, 17, 8, 28, 21, 15, 10, 26, 23, 13, 3, 22, 27, 37, 44, 56, 65, 35, 29, 20, 16, 9, 7, 2, 14, 50, 31, 18, 46, 54, 67, 33, 48, 52, 69, 12, 4, 5, 11, 25, 24]
tackling number = 70
starting fresh with vertext: 1
70: [1, 63, 58, 42, 39, 61, 60, 40, 41, 59, 62, 38, 43, 57, 64, 36, 45, 55, 66, 34, 47, 53, 68, 32, 49, 51, 70, 30, 6, 19, 17, 8, 28, 21, 15, 10, 26, 23, 13, 3, 22, 27, 37, 44, 56, 65, 35, 29, 20, 16, 9, 7, 2, 14, 50, 31, 18, 46, 54, 67, 33, 48, 52, 69, 12, 4, 5, 11, 25, 24]
tackling number = 71
starting fresh with vertext: 1
71: [1, 63, 58, 42, 39, 61, 60, 40, 41, 59, 62, 38, 43, 57, 64, 36, 45, 55, 66, 34, 47, 53, 68, 32, 49, 51, 70, 30, 6, 19, 17, 8, 28, 21, 15, 10, 26, 23, 13, 3, 22, 27, 37, 44, 56, 65, 35, 29, 71, 50, 31, 18, 46, 54, 67, 33, 48, 52, 69, 12, 4, 5, 20, 16, 9, 7, 2, 14, 11, 25, 24]
tackling number = 72
starting fresh with vertext: 1
72: [1, 63, 58, 42, 39, 61, 60, 40, 41, 59, 62, 38, 43, 57, 64, 36, 45, 55, 66, 34, 47, 53, 68, 32, 49, 72, 28, 21, 15, 10, 26, 23, 13, 51, 70, 30, 6, 19, 17, 8, 56, 65, 35, 46, 54, 67, 33, 3, 22, 27, 9, 16, 48, 52, 69, 31, 18, 7, 2, 14, 50, 71, 29, 20, 44, 37, 12, 4, 5, 11, 25, 24]
tackling number = 73
starting fresh with vertext: 1
73: [1, 63, 58, 42, 39, 61, 60, 40, 41, 59, 62, 38, 43, 57, 64, 36, 45, 55, 66, 34, 47, 53, 68, 32, 49, 72, 28, 21, 15, 10, 26, 23, 13, 51, 70, 30, 6, 19, 17, 8, 73, 71, 50, 31, 69, 52, 48, 16, 9, 27, 22, 3, 33, 67, 54, 46, 18, 7, 2, 14, 11, 5, 4, 12, 37, 44, 20, 29, 35, 65, 56, 25, 24]
tackling number = 74
starting fresh with vertext: 1
74: [1, 63, 58, 42, 39, 61, 60, 40, 41, 59, 62, 38, 43, 57, 64, 36, 45, 55, 66, 34, 47, 74, 70, 51, 49, 72, 28, 53, 68, 32, 17, 19, 30, 6, 10, 26, 23, 13, 3, 33, 67, 54, 46, 18, 31, 50, 71, 73, 8, 56, 65, 35, 29, 20, 44, 37, 27, 22, 14, 2, 7, 9, 16, 48, 52, 69, 12, 24, 25, 11, 5, 4, 21, 15]
tackling number = 75
starting fresh with vertext: 1
75: [1, 63, 58, 42, 39, 61, 60, 40, 41, 59, 62, 38, 43, 57, 64, 36, 45, 55, 66, 34, 47, 74, 70, 51, 49, 72, 28, 53, 68, 32, 17, 19, 30, 6, 75, 69, 52, 48, 73, 71, 50, 31, 33, 67, 54, 46, 18, 7, 9, 16, 65, 35, 29, 20, 5, 4, 21, 15, 10, 26, 23, 2, 14, 11, 25, 24, 12, 13, 3, 22, 27, 37, 44, 56, 8]
tackling number = 76
starting fresh with vertext: 1
76: [1, 63, 58, 42, 39, 61, 60, 40, 41, 59, 62, 38, 43, 57, 64, 36, 45, 76, 68, 53, 47, 74, 70, 51, 49, 72, 28, 21, 15, 66, 55, 26, 23, 13, 12, 69, 75, 46, 54, 67, 33, 48, 52, 29, 35, 65, 56, 8, 73, 71, 10, 6, 3, 22, 27, 37, 44, 20, 16, 9, 7, 18, 31, 50, 14, 2, 34, 30, 19, 17, 32, 4, 5, 11, 25, 24]
tackling number = 77
starting fresh with vertext: 1
77: [1, 63, 58, 42, 39, 61, 60, 40, 41, 59, 62, 38, 43, 57, 64, 36, 45, 76, 68, 53, 47, 74, 70, 51, 49, 72, 28, 21, 15, 66, 55, 26, 23, 77, 67, 54, 46, 75, 69, 52, 48, 73, 71, 10, 6, 19, 30, 34, 2, 7, 18, 31, 50, 14, 22, 27, 9, 16, 33, 3, 13, 12, 37, 44, 20, 29, 35, 65, 56, 8, 17, 32, 4, 5, 11, 25, 24]
tackling number = 78
starting fresh with vertext: 1
78: [1, 63, 58, 42, 39, 61, 60, 40, 41, 59, 62, 38, 43, 78, 66, 55, 45, 76, 68, 53, 47, 74, 70, 51, 49, 72, 28, 36, 64, 57, 24, 25, 75, 69, 52, 48, 73, 71, 50, 31, 33, 67, 77, 44, 37, 12, 13, 23, 26, 10, 54, 27, 22, 3, 6, 30, 19, 17, 32, 4, 21, 15, 34, 2, 14, 11, 5, 20, 29, 35, 46, 18, 7, 9, 16, 65, 56, 8]

tackling number = 80
starting fresh with vertext: 1
80: [1, 80, 64, 57, 43, 78, 66, 55, 45, 76, 68, 53, 47, 74, 70, 51, 49, 72, 28, 36, 13, 23, 77, 67, 54, 46, 75, 69, 52, 48, 73, 71, 50, 31, 33, 16, 65, 79, 42, 58, 63, 18, 7, 29, 35, 14, 22, 59, 62, 2, 34, 30, 19, 6, 3, 61, 39, 25, 56, 44, 20, 5, 11, 38, 26, 10, 15, 21, 60, 4, 32, 17, 8, 41, 40, 9, 27, 37, 12, 24]
tackling number = 81
starting fresh with vertext: 1
81: [1, 80, 64, 57, 43, 78, 66, 55, 45, 76, 68, 53, 47, 74, 70, 51, 49, 72, 28, 36, 13, 23, 77, 67, 54, 46, 75, 69, 52, 48, 73, 71, 50, 31, 33, 16, 65, 79, 42, 58, 63, 18, 7, 29, 35, 14, 22, 59, 41, 8, 56, 44, 20, 5, 11, 25, 39, 61, 3, 6, 30, 34, 2, 62, 38, 26, 10, 15, 21, 60, 4, 32, 17, 19, 81, 40, 9, 27, 37, 12, 24]
tackling number = 82
starting fresh with vertext: 1
82: [1, 80, 64, 57, 43, 78, 66, 55, 45, 76, 68, 53, 47, 74, 70, 51, 49, 72, 28, 36, 13, 23, 77, 67, 54, 46, 75, 69, 52, 48, 73, 71, 50, 31, 33, 16, 65, 79, 42, 58, 63, 81, 40, 60, 61, 39, 82, 18, 7, 9, 27, 37, 12, 24, 25, 56, 44, 20, 29, 35, 14, 22, 3, 6, 30, 34, 2, 62, 19, 17, 32, 4, 21, 15, 10, 26, 38, 11, 5, 59, 41, 8]
tackling number = 83
starting fresh with vertext: 1
83: [1, 80, 64, 57, 43, 78, 66, 55, 45, 76, 68, 53, 47, 74, 70, 51, 49, 72, 28, 36, 13, 23, 77, 67, 54, 46, 75, 69, 52, 48, 73, 71, 50, 31, 33, 16, 65, 79, 42, 58, 63, 81, 40, 60, 61, 83, 38, 26, 10, 39, 82, 18, 7, 9, 27, 37, 12, 24, 25, 56, 8, 41, 59, 62, 2, 34, 15, 21, 4, 32, 17, 19, 30, 6, 3, 22, 14, 11, 5, 44, 20, 29, 35]
tackling number = 84
starting fresh with vertext: 1
84: [1, 80, 64, 57, 43, 78, 66, 55, 45, 76, 68, 53, 47, 74, 70, 51, 49, 72, 28, 36, 13, 23, 77, 67, 54, 46, 75, 69, 52, 48, 73, 71, 50, 31, 33, 16, 84, 60, 61, 83, 38, 26, 10, 39, 82, 62, 59, 41, 40, 81, 63, 18, 7, 9, 27, 37, 44, 5, 20, 29, 35, 65, 56, 8, 17, 32, 4, 12, 24, 25, 11, 14, 2, 79, 21, 15, 34, 30, 19, 6, 58, 42, 22, 3]
tackling number = 85
starting fresh with vertext: 1
85: [1, 80, 64, 57, 43, 78, 66, 55, 45, 76, 68, 53, 47, 74, 70, 51, 49, 72, 28, 36, 85, 84, 60, 61, 83, 38, 62, 82, 39, 42, 79, 65, 56, 44, 77, 67, 54, 46, 75, 69, 52, 48, 73, 71, 50, 31, 33, 16, 20, 29, 35, 14, 22, 27, 37, 12, 13, 3, 6, 58, 63, 18, 7, 9, 40, 81, 19, 30, 34, 2, 23, 26, 10, 15, 21, 4, 32, 17, 8, 41, 59, 5, 11, 25, 24]
tackling number = 86
starting fresh with vertext: 1
86: [1, 80, 64, 57, 43, 78, 66, 55, 45, 76, 68, 53, 47, 74, 70, 51, 49, 72, 28, 36, 85, 84, 60, 61, 83, 86, 58, 63, 81, 40, 41, 59, 62, 82, 39, 42, 79, 65, 56, 44, 77, 67, 54, 46, 75, 69, 52, 48, 33, 16, 9, 27, 37, 12, 24, 25, 11, 38, 26, 23, 13, 3, 22, 14, 50, 71, 73, 8, 17, 32, 4, 21, 15, 10, 6, 19, 30, 34, 2, 7, 18, 31, 5, 20, 29, 35]
tackling number = 87
starting fresh with vertext: 87
87: [87, 82, 62, 59, 85, 84, 60, 61, 83, 86, 58, 63, 81, 40, 41, 80, 64, 57, 43, 78, 66, 55, 45, 76, 68, 53, 47, 74, 70, 51, 49, 72, 28, 36, 13, 23, 77, 67, 54, 46, 75, 69, 52, 48, 73, 71, 50, 31, 18, 7, 42, 79, 65, 35, 29, 20, 5, 11, 38, 26, 10, 39, 25, 24, 12, 37, 44, 56, 8, 1, 15, 21, 4, 32, 17, 19, 30, 6, 3, 33, 16, 9, 27, 22, 14, 2, 34]
tackling number = 88
starting fresh with vertext: 88
88: [88, 81, 63, 58, 86, 83, 61, 60, 84, 85, 59, 62, 82, 87, 57, 64, 80, 41, 40, 24, 76, 68, 53, 47, 74, 70, 51, 49, 72, 28, 36, 45, 55, 66, 78, 43, 38, 26, 23, 77, 67, 54, 46, 75, 69, 52, 48, 73, 71, 50, 31, 18, 7, 42, 79, 65, 56, 8, 17, 32, 4, 21, 15, 1, 35, 29, 20, 44, 5, 11, 25, 39, 10, 6, 19, 30, 34, 2, 14, 22, 3, 13, 12, 37, 27, 9, 16, 33]
tackling number = 89
starting fresh with vertext: 29
89: [29, 71, 73, 48, 52, 69, 75, 46, 54, 67, 77, 44, 56, 88, 81, 63, 58, 86, 83, 61, 60, 84, 85, 59, 62, 82, 87, 57, 64, 80, 89, 55, 66, 78, 43, 38, 26, 74, 70, 51, 49, 72, 28, 53, 68, 76, 45, 36, 13, 23, 41, 40, 24, 25, 39, 42, 22, 3, 33, 16, 9, 27, 37, 12, 4, 32, 17, 8, 1, 35, 65, 79, 21, 15, 10, 6, 19, 30, 34, 47, 2, 7, 18, 31, 50, 14, 11, 5, 20]
tackling number = 90
starting fresh with vertext: 29
90: [29, 71, 73, 48, 52, 69, 75, 46, 54, 90, 79, 65, 56, 88, 81, 63, 58, 86, 83, 61, 60, 84, 85, 59, 62, 82, 87, 57, 64, 80, 89, 55, 66, 78, 43, 38, 26, 74, 70, 51, 49, 72, 28, 53, 68, 76, 45, 36, 13, 23, 77, 67, 33, 16, 20, 44, 5, 11, 25, 39, 42, 22, 3, 6, 10, 15, 21, 4, 32, 17, 19, 30, 34, 47, 2, 14, 50, 31, 18, 7, 9, 27, 37, 12, 24, 40, 41, 8, 1, 35]
tackling number = 91
starting fresh with vertext: 29
91: [29, 71, 73, 48, 52, 69, 75, 46, 54, 90, 79, 65, 56, 88, 81, 63, 58, 86, 83, 61, 60, 84, 85, 59, 62, 82, 87, 57, 64, 80, 89, 55, 66, 78, 91, 53, 68, 76, 45, 36, 28, 72, 49, 51, 70, 74, 47, 34, 30, 19, 17, 32, 4, 77, 67, 33, 16, 20, 44, 5, 11, 38, 26, 10, 15, 21, 43, 6, 3, 22, 42, 39, 25, 24, 1, 8, 41, 40, 9, 27, 37, 12, 13, 23, 2, 7, 18, 31, 50, 14, 35]
tackling number = 92
starting fresh with vertext: 29
92: [29, 92, 77, 67, 54, 90, 79, 65, 56, 88, 81, 63, 58, 86, 83, 61, 60, 84, 85, 59, 62, 82, 87, 57, 64, 80, 89, 55, 66, 78, 91, 53, 68, 76, 45, 36, 28, 72, 49, 51, 70, 74, 47, 34, 30, 19, 17, 32, 4, 21, 43, 38, 26, 23, 41, 40, 24, 25, 75, 6, 3, 13, 12, 69, 52, 48, 33, 16, 9, 7, 2, 14, 11, 5, 20, 44, 37, 27, 22, 42, 39, 10, 15, 1, 8, 73, 71, 50, 31, 18, 46, 35]
tackling number = 93
starting fresh with vertext: 29
93: [29, 92, 77, 67, 54, 90, 79, 65, 56, 88, 81, 63, 58, 86, 83, 61, 60, 84, 85, 59, 62, 82, 87, 57, 64, 80, 89, 55, 66, 78, 91, 53, 68, 76, 93, 51, 70, 74, 47, 34, 30, 19, 45, 36, 28, 72, 49, 32, 17, 8, 73, 71, 50, 31, 69, 75, 46, 18, 7, 9, 40, 41, 23, 2, 14, 35, 1, 24, 12, 13, 3, 6, 43, 38, 26, 10, 15, 21, 4, 5, 11, 25, 39, 42, 22, 27, 37, 44, 20, 16, 33, 48, 52]
tackling number = 94
starting fresh with vertext: 29
94: [29, 92, 77, 67, 54, 90, 79, 65, 56, 88, 81, 63, 58, 86, 83, 61, 60, 84, 85, 59, 62, 82, 87, 57, 64, 80, 89, 55, 66, 78, 91, 53, 68, 76, 93, 51, 70, 74, 47, 34, 30, 19, 45, 36, 28, 72, 49, 32, 17, 8, 73, 71, 50, 94, 75, 69, 52, 48, 33, 31, 18, 46, 35, 14, 22, 42, 7, 2, 23, 41, 40, 24, 1, 15, 21, 4, 12, 13, 3, 6, 43, 38, 26, 10, 39, 25, 11, 5, 44, 37, 27, 9, 16, 20]
tackling number = 95
starting fresh with vertext: 29
95: [29, 92, 77, 67, 54, 90, 79, 65, 56, 88, 81, 63, 58, 86, 83, 61, 60, 84, 85, 59, 62, 82, 87, 57, 64, 80, 89, 55, 66, 78, 91, 53, 68, 76, 93, 51, 70, 74, 95, 49, 72, 28, 36, 45, 19, 30, 34, 47, 17, 32, 4, 21, 43, 38, 26, 23, 41, 40, 24, 25, 75, 94, 6, 3, 13, 12, 69, 52, 48, 33, 16, 9, 7, 2, 14, 11, 5, 20, 44, 37, 27, 22, 42, 39, 10, 15, 1, 8, 73, 71, 50, 31, 18, 46, 35]
tackling number = 96
starting fresh with vertext: 29
96: [29, 92, 77, 67, 54, 90, 79, 65, 56, 88, 81, 63, 58, 86, 83, 61, 60, 84, 85, 59, 62, 82, 87, 57, 64, 80, 89, 55, 66, 78, 91, 53, 68, 76, 93, 51, 70, 74, 95, 49, 72, 28, 36, 45, 19, 30, 34, 47, 17, 32, 4, 96, 73, 71, 50, 94, 75, 69, 52, 48, 33, 31, 18, 46, 35, 14, 22, 42, 39, 25, 24, 40, 41, 8, 1, 15, 21, 43, 38, 11, 5, 44, 20, 16, 9, 27, 37, 12, 13, 3, 6, 10, 26, 23, 2, 7]
tackling number = 97
starting fresh with vertext: 29
97: [29, 92, 77, 67, 54, 90, 79, 65, 56, 88, 81, 63, 58, 86, 83, 61, 60, 84, 85, 59, 62, 82, 87, 57, 64, 80, 89, 55, 66, 78, 91, 53, 68, 76, 93, 51, 70, 74, 95, 49, 72, 97, 47, 34, 30, 19, 45, 36, 28, 21, 43, 38, 26, 23, 41, 40, 24, 25, 96, 73, 71, 50, 94, 75, 6, 3, 13, 12, 4, 32, 17, 8, 1, 15, 10, 39, 42, 22, 27, 37, 44, 20, 5, 11, 14, 2, 7, 9, 16, 33, 48, 52, 69, 31, 18, 46, 35]
tackling number = 98
starting fresh with vertext: 29
98: [29, 92, 77, 67, 54, 90, 79, 65, 56, 88, 81, 63, 58, 86, 83, 61, 60, 84, 85, 59, 62, 82, 87, 57, 64, 80, 89, 55, 66, 78, 91, 53, 68, 76, 93, 51, 70, 74, 95, 49, 72, 97, 47, 34, 30, 19, 45, 36, 28, 21, 43, 38, 26, 23, 98, 71, 73, 96, 48, 52, 69, 75, 94, 50, 31, 33, 16, 20, 44, 37, 12, 13, 3, 6, 10, 15, 1, 24, 25, 39, 42, 22, 27, 9, 40, 41, 8, 17, 32, 4, 5, 11, 14, 2, 7, 18, 46, 35]
tackling number = 99
starting fresh with vertext: 29
99: [29, 92, 77, 67, 54, 90, 79, 65, 56, 88, 81, 63, 58, 86, 83, 61, 60, 84, 85, 59, 62, 82, 87, 57, 64, 80, 89, 55, 66, 78, 91, 53, 68, 76, 93, 51, 70, 99, 97, 72, 49, 95, 74, 47, 34, 30, 19, 45, 36, 28, 21, 43, 38, 26, 23, 98, 71, 73, 96, 48, 52, 69, 75, 94, 50, 31, 33, 16, 20, 44, 37, 12, 13, 3, 6, 10, 15, 1, 24, 25, 39, 42, 22, 27, 9, 40, 41, 8, 17, 32, 4, 5, 11, 14, 2, 7, 18, 46, 35]
tackling number = 100
starting fresh with vertext: 29
100: [29, 92, 77, 67, 54, 90, 79, 65, 56, 88, 81, 63, 58, 86, 83, 61, 60, 84, 85, 59, 62, 82, 87, 57, 64, 80, 89, 55, 66, 78, 91, 53, 68, 76, 93, 51, 70, 99, 97, 72, 49, 95, 74, 47, 34, 30, 19, 45, 36, 28, 21, 100, 96, 73, 71, 98, 46, 75, 94, 50, 31, 18, 7, 9, 40, 41, 8, 17, 32, 4, 5, 11, 38, 43, 6, 3, 13, 12, 69, 52, 48, 33, 16, 20, 44, 37, 27, 22, 42, 39, 25, 24, 1, 15, 10, 26, 23, 2, 14, 35]
tackling number = 101
starting fresh with vertext: 29
101: [29, 92, 77, 67, 54, 90, 79, 65, 56, 88, 81, 63, 58, 86, 83, 61, 60, 84, 85, 59, 62, 82, 87, 57, 64, 80, 89, 55, 66, 78, 91, 53, 68, 101, 95, 74, 70, 99, 97, 72, 49, 51, 93, 76, 45, 36, 28, 21, 100, 96, 73, 71, 98, 46, 75, 94, 50, 31, 18, 7, 42, 39, 25, 24, 40, 41, 8, 17, 32, 4, 12, 69, 52, 48, 33, 16, 9, 27, 37, 44, 20, 5, 11, 38, 43, 6, 19, 30, 34, 47, 2, 14, 22, 3, 13, 23, 26, 10, 15, 1, 35]
tackling number = 102
starting fresh with vertext: 29
102: [29, 92, 77, 67, 102, 94, 75, 69, 100, 96, 73, 71, 98, 46, 54, 90, 79, 65, 56, 88, 81, 63, 58, 86, 83, 61, 60, 84, 85, 59, 62, 82, 87, 57, 64, 80, 89, 55, 66, 78, 91, 53, 68, 101, 95, 74, 70, 99, 97, 72, 49, 51, 93, 76, 45, 36, 28, 21, 43, 38, 26, 23, 41, 8, 17, 32, 4, 12, 13, 3, 6, 19, 30, 34, 47, 2, 7, 18, 31, 50, 14, 35, 1, 15, 10, 39, 42, 22, 27, 37, 44, 20, 5, 11, 25, 24, 40, 9, 16, 33, 48, 52]
tackling number = 103
starting fresh with vertext: 29
103: [29, 92, 77, 67, 102, 94, 75, 69, 100, 96, 73, 71, 98, 46, 54, 90, 79, 65, 56, 88, 81, 63, 58, 86, 83, 61, 60, 84, 85, 59, 62, 82, 87, 57, 64, 80, 89, 55, 66, 103, 93, 76, 68, 101, 95, 74, 70, 99, 97, 72, 49, 51, 30, 91, 78, 43, 38, 26, 23, 41, 40, 24, 25, 39, 42, 22, 27, 37, 44, 20, 16, 9, 7, 18, 31, 50, 14, 2, 34, 47, 53, 11, 5, 4, 32, 17, 19, 45, 36, 13, 12, 52, 48, 33, 3, 6, 10, 15, 21, 28, 8, 1, 35]
tackling number = 104
starting fresh with vertext: 29
104: [29, 92, 104, 65, 79, 90, 54, 67, 102, 94, 75, 69, 100, 96, 73, 71, 98, 46, 35, 86, 83, 61, 60, 84, 85, 59, 62, 82, 87, 57, 64, 80, 89, 55, 66, 103, 93, 76, 68, 101, 95, 74, 70, 99, 97, 72, 49, 51, 30, 91, 78, 43, 38, 26, 23, 77, 44, 56, 88, 81, 63, 58, 42, 39, 25, 24, 40, 41, 8, 1, 48, 52, 12, 37, 27, 22, 14, 50, 31, 18, 7, 9, 16, 33, 3, 13, 36, 45, 19, 6, 10, 15, 34, 2, 47, 17, 32, 4, 21, 28, 53, 11, 5, 20]
tackling number = 105
starting fresh with vertext: 29
105: [29, 92, 104, 65, 79, 90, 54, 67, 102, 94, 75, 69, 100, 96, 73, 71, 98, 46, 35, 86, 83, 61, 60, 84, 85, 59, 62, 82, 87, 57, 64, 105, 91, 78, 66, 103, 93, 76, 68, 101, 95, 74, 70, 99, 97, 72, 49, 51, 30, 34, 47, 53, 28, 36, 45, 55, 89, 80, 41, 40, 81, 88, 56, 8, 1, 63, 58, 42, 39, 25, 24, 12, 52, 48, 33, 16, 9, 7, 18, 31, 50, 14, 2, 23, 13, 3, 22, 27, 37, 44, 77, 4, 32, 17, 19, 6, 43, 21, 15, 10, 26, 38, 11, 5, 20]
tackling number = 106
starting fresh with vertext: 30
106: [30, 91, 105, 64, 80, 89, 55, 66, 103, 93, 76, 68, 101, 95, 74, 70, 99, 97, 72, 49, 51, 13, 87, 82, 62, 59, 85, 84, 60, 61, 83, 86, 58, 63, 106, 90, 79, 65, 104, 92, 77, 67, 102, 94, 75, 69, 100, 96, 73, 71, 98, 46, 54, 27, 37, 44, 56, 88, 81, 40, 41, 23, 26, 38, 43, 57, 24, 12, 52, 48, 33, 16, 9, 7, 18, 31, 50, 14, 35, 29, 20, 5, 11, 25, 39, 42, 22, 78, 3, 1, 8, 17, 32, 4, 21, 15, 10, 6, 19, 45, 36, 28, 53, 47, 2, 34]
tackling number = 107
starting fresh with vertext: 30
107: [30, 91, 105, 64, 80, 89, 107, 62, 82, 87, 57, 43, 101, 95, 74, 70, 99, 97, 72, 49, 51, 93, 103, 66, 78, 22, 59, 85, 84, 60, 61, 83, 86, 58, 63, 106, 90, 79, 65, 104, 92, 77, 67, 102, 94, 75, 69, 100, 96, 73, 71, 98, 46, 54, 27, 37, 44, 56, 88, 81, 40, 41, 23, 26, 38, 11, 53, 68, 76, 5, 20, 29, 52, 12, 24, 25, 39, 42, 7, 18, 31, 50, 14, 35, 1, 8, 28, 36, 13, 3, 33, 48, 16, 9, 55, 45, 19, 6, 10, 15, 21, 4, 32, 17, 47, 2, 34]
tackling number = 108
starting fresh with vertext: 30
108: [30, 91, 105, 64, 80, 89, 107, 62, 82, 87, 57, 43, 101, 95, 74, 70, 99, 97, 72, 49, 51, 93, 103, 66, 78, 22, 59, 85, 84, 60, 61, 108, 88, 81, 63, 106, 90, 79, 65, 104, 92, 77, 67, 102, 94, 75, 69, 100, 96, 73, 71, 98, 46, 54, 27, 37, 44, 56, 25, 39, 42, 58, 86, 83, 38, 26, 55, 45, 76, 68, 53, 47, 34, 15, 10, 6, 3, 33, 48, 52, 29, 35, 1, 8, 41, 23, 2, 7, 18, 31, 50, 14, 11, 5, 20, 16, 9, 40, 24, 12, 13, 36, 28, 21, 4, 32, 17, 19]
tackling number = 109
starting fresh with vertext: 30
109: [30, 91, 105, 64, 80, 89, 107, 62, 82, 87, 109, 60, 84, 85, 59, 41, 103, 93, 76, 68, 101, 95, 74, 70, 99, 97, 72, 49, 51, 13, 108, 88, 81, 63, 106, 90, 79, 65, 104, 92, 77, 67, 102, 94, 75, 69, 100, 96, 73, 71, 98, 46, 54, 27, 37, 44, 56, 25, 39, 61, 83, 86, 58, 42, 22, 78, 66, 55, 45, 36, 28, 53, 47, 34, 2, 23, 26, 38, 11, 5, 20, 16, 48, 33, 3, 1, 8, 17, 32, 4, 12, 52, 29, 35, 14, 50, 31, 18, 7, 9, 40, 24, 57, 43, 21, 15, 10, 6, 19]
tackling number = 110
starting fresh with vertext: 30
110: [30, 91, 105, 64, 80, 89, 107, 62, 82, 87, 109, 60, 84, 85, 59, 110, 86, 83, 61, 108, 88, 81, 63, 106, 90, 79, 65, 104, 92, 77, 67, 102, 94, 75, 69, 100, 96, 73, 71, 98, 46, 54, 27, 37, 44, 56, 25, 39, 42, 58, 23, 41, 103, 93, 76, 68, 101, 95, 74, 70, 99, 97, 72, 49, 51, 13, 36, 45, 55, 66, 78, 43, 57, 24, 40, 9, 16, 33, 48, 52, 12, 4, 32, 17, 8, 1, 35, 29, 20, 5, 11, 38, 26, 10, 15, 21, 28, 53, 47, 34, 2, 7, 18, 31, 50, 14, 22, 3, 6, 19]
tackling number = 111
starting fresh with vertext: 30
111: [30, 91, 105, 64, 80, 89, 107, 62, 82, 87, 109, 60, 84, 85, 111, 58, 86, 110, 59, 41, 103, 93, 76, 68, 101, 95, 74, 70, 99, 97, 72, 49, 51, 13, 108, 88, 81, 63, 106, 90, 79, 65, 104, 92, 77, 67, 102, 94, 75, 69, 100, 96, 73, 71, 98, 46, 54, 27, 37, 44, 56, 25, 39, 61, 83, 38, 43, 57, 24, 40, 9, 55, 66, 78, 22, 42, 7, 18, 31, 50, 14, 35, 29, 52, 12, 4, 32, 17, 8, 1, 3, 33, 48, 16, 20, 5, 11, 53, 47, 34, 2, 23, 26, 10, 15, 21, 28, 36, 45, 19, 6]
tackling number = 112
starting fresh with vertext: 30
112: [30, 91, 105, 64, 80, 89, 107, 62, 82, 87, 109, 60, 84, 112, 57, 43, 101, 95, 74, 70, 99, 97, 72, 49, 51, 93, 103, 66, 78, 22, 59, 110, 86, 83, 61, 108, 88, 81, 63, 106, 90, 79, 65, 104, 92, 77, 67, 102, 94, 75, 69, 100, 96, 73, 71, 98, 46, 54, 27, 37, 44, 56, 25, 39, 42, 58, 111, 85, 36, 45, 76, 68, 53, 47, 34, 15, 10, 6, 3, 33, 48, 16, 20, 5, 11, 38, 26, 55, 9, 7, 18, 31, 50, 14, 2, 23, 13, 12, 52, 29, 35, 1, 24, 40, 41, 8, 28, 21, 4, 32, 17, 19]
tackling number = 113
starting fresh with vertext: 37
113: [37, 107, 89, 80, 64, 105, 91, 78, 66, 103, 93, 76, 68, 101, 95, 74, 70, 99, 97, 72, 49, 51, 30, 34, 110, 86, 83, 113, 112, 84, 85, 111, 58, 63, 106, 90, 79, 65, 104, 92, 77, 67, 102, 94, 75, 69, 100, 96, 73, 71, 98, 46, 54, 27, 22, 59, 62, 82, 87, 109, 60, 61, 108, 88, 81, 40, 41, 23, 26, 55, 9, 16, 48, 33, 3, 13, 36, 45, 19, 6, 10, 39, 42, 7, 18, 31, 50, 14, 2, 47, 53, 28, 21, 15, 1, 35, 29, 52, 12, 24, 57, 43, 38, 11, 25, 56, 8, 17, 32, 4, 5, 20, 44]
tackling number = 114
starting fresh with vertext: 37
114: [37, 107, 89, 80, 64, 105, 91, 78, 66, 103, 93, 76, 68, 101, 95, 74, 70, 99, 97, 72, 49, 51, 30, 114, 111, 85, 84, 112, 113, 83, 86, 110, 59, 62, 82, 87, 109, 60, 61, 108, 88, 81, 63, 106, 90, 79, 65, 104, 92, 77, 67, 102, 94, 75, 69, 100, 96, 73, 71, 98, 46, 54, 27, 22, 42, 58, 23, 41, 40, 24, 57, 43, 38, 26, 55, 45, 36, 28, 53, 47, 34, 2, 14, 50, 31, 18, 7, 9, 16, 33, 48, 52, 29, 35, 1, 8, 56, 44, 20, 5, 11, 25, 39, 10, 15, 21, 4, 32, 17, 19, 6, 3, 13, 12]
tackling number = 115
starting fresh with vertext: 37
115: [37, 107, 89, 80, 64, 105, 91, 78, 66, 103, 93, 76, 68, 101, 95, 74, 70, 99, 97, 72, 49, 51, 30, 114, 111, 85, 84, 112, 113, 83, 86, 110, 115, 81, 88, 108, 61, 60, 109, 87, 82, 62, 59, 41, 40, 104, 92, 77, 67, 102, 94, 75, 69, 100, 96, 73, 71, 98, 46, 54, 90, 106, 63, 58, 42, 79, 65, 56, 44, 20, 29, 52, 48, 33, 16, 9, 55, 45, 36, 13, 12, 24, 57, 7, 18, 31, 50, 14, 35, 1, 8, 28, 53, 47, 34, 2, 23, 26, 38, 43, 21, 15, 10, 39, 25, 11, 5, 4, 32, 17, 19, 6, 3, 22, 27]
tackling number = 116
starting fresh with vertext: 37
116: [37, 107, 89, 80, 116, 109, 87, 82, 114, 111, 85, 84, 112, 113, 83, 86, 110, 115, 81, 88, 108, 61, 60, 40, 104, 92, 77, 67, 102, 94, 75, 69, 100, 96, 73, 71, 98, 46, 54, 90, 106, 63, 58, 42, 79, 65, 56, 44, 20, 101, 95, 74, 70, 99, 97, 72, 49, 51, 93, 103, 66, 78, 91, 105, 64, 57, 43, 38, 62, 59, 41, 23, 26, 55, 45, 76, 68, 53, 47, 2, 7, 18, 31, 50, 14, 35, 29, 52, 48, 33, 16, 9, 27, 22, 3, 13, 36, 28, 21, 15, 34, 30, 19, 6, 10, 39, 25, 11, 5, 4, 32, 17, 8, 1, 24, 12]
tackling number = 117
starting fresh with vertext: 37
117: [37, 107, 89, 80, 116, 109, 87, 82, 114, 111, 85, 84, 112, 113, 83, 86, 110, 115, 81, 88, 108, 117, 79, 90, 106, 63, 58, 42, 102, 94, 75, 69, 100, 96, 73, 71, 98, 46, 54, 67, 77, 92, 104, 65, 56, 44, 20, 101, 95, 74, 70, 99, 97, 72, 49, 51, 93, 103, 66, 78, 91, 105, 64, 57, 43, 38, 62, 59, 41, 40, 60, 61, 39, 25, 24, 76, 68, 53, 47, 34, 30, 19, 45, 55, 26, 23, 2, 7, 18, 31, 50, 14, 11, 5, 4, 32, 17, 8, 1, 35, 29, 52, 48, 33, 16, 9, 27, 22, 3, 6, 10, 15, 21, 28, 36, 13, 12]
tackling number = 118
starting fresh with vertext: 37
118: [37, 107, 118, 78, 91, 105, 64, 80, 116, 109, 87, 82, 114, 111, 85, 84, 112, 113, 83, 86, 110, 115, 81, 88, 108, 117, 79, 90, 106, 63, 58, 42, 102, 94, 75, 69, 100, 96, 73, 71, 98, 46, 54, 67, 77, 92, 104, 65, 56, 44, 20, 101, 95, 74, 70, 99, 97, 72, 49, 51, 93, 103, 66, 55, 89, 32, 68, 76, 45, 36, 28, 53, 47, 34, 30, 19, 17, 8, 41, 59, 62, 38, 43, 57, 24, 40, 60, 61, 39, 25, 11, 5, 4, 21, 15, 1, 35, 29, 52, 48, 33, 16, 9, 27, 22, 14, 50, 31, 18, 7, 2, 23, 26, 10, 6, 3, 13, 12]
tackling number = 119
starting fresh with vertext: 37
119: [37, 107, 118, 78, 91, 105, 64, 80, 116, 109, 87, 82, 114, 111, 85, 84, 112, 113, 83, 86, 110, 115, 81, 88, 108, 117, 79, 90, 106, 119, 77, 92, 104, 65, 56, 44, 100, 96, 73, 71, 98, 46, 75, 94, 102, 67, 54, 27, 22, 99, 97, 72, 49, 95, 101, 68, 76, 93, 103, 66, 55, 89, 32, 17, 47, 74, 70, 51, 30, 34, 15, 21, 60, 61, 39, 42, 58, 63, 18, 31, 50, 14, 35, 29, 20, 16, 33, 3, 13, 36, 45, 4, 5, 59, 41, 40, 9, 7, 2, 23, 26, 10, 6, 19, 62, 38, 43, 57, 24, 25, 11, 53, 28, 8, 1, 48, 52, 69, 12]
tackling number = 120
starting fresh with vertext: 37
120: [37, 107, 118, 78, 91, 105, 120, 76, 93, 103, 66, 55, 114, 111, 85, 84, 112, 113, 83, 86, 110, 115, 81, 88, 108, 117, 79, 90, 106, 119, 77, 92, 104, 65, 56, 44, 100, 96, 73, 71, 98, 46, 75, 94, 102, 67, 54, 27, 22, 99, 97, 72, 49, 95, 101, 68, 53, 116, 109, 87, 82, 62, 59, 41, 80, 89, 32, 17, 64, 57, 43, 38, 26, 74, 70, 51, 30, 34, 47, 2, 23, 58, 63, 18, 31, 50, 14, 35, 29, 20, 61, 60, 21, 15, 10, 6, 19, 45, 4, 5, 11, 25, 39, 42, 7, 9, 40, 24, 1, 8, 28, 36, 13, 3, 33, 16, 48, 52, 69, 12]
tackling number = 121
starting fresh with vertext: 37
121: [37, 107, 118, 78, 91, 105, 120, 76, 93, 103, 66, 55, 114, 111, 85, 84, 112, 113, 83, 86, 110, 115, 81, 88, 108, 117, 79, 90, 106, 119, 77, 92, 104, 121, 75, 94, 102, 67, 54, 46, 98, 71, 73, 96, 100, 69, 52, 48, 33, 31, 50, 14, 35, 109, 116, 80, 89, 32, 68, 101, 95, 74, 70, 99, 97, 72, 49, 51, 30, 34, 87, 82, 62, 59, 41, 40, 60, 61, 39, 42, 58, 63, 18, 7, 29, 20, 44, 56, 65, 16, 9, 27, 22, 3, 13, 36, 45, 19, 6, 10, 15, 21, 28, 53, 47, 2, 23, 26, 38, 43, 57, 64, 17, 8, 1, 24, 25, 11, 5, 4, 12]
tackling number = 122
starting fresh with vertext: 121
122: [121, 104, 92, 77, 119, 106, 90, 79, 117, 108, 88, 81, 115, 110, 86, 83, 113, 112, 84, 85, 111, 114, 82, 87, 109, 116, 80, 89, 107, 118, 78, 91, 105, 120, 76, 93, 103, 122, 74, 95, 101, 68, 53, 47, 97, 99, 70, 51, 49, 72, 28, 36, 64, 57, 43, 38, 62, 59, 41, 40, 60, 61, 39, 42, 102, 94, 75, 69, 100, 96, 73, 71, 98, 46, 54, 67, 33, 48, 52, 29, 35, 65, 56, 44, 37, 63, 58, 6, 30, 19, 45, 55, 66, 34, 2, 7, 18, 31, 50, 14, 22, 27, 9, 16, 20, 5, 11, 25, 24, 12, 13, 3, 1, 8, 17, 32, 4, 21, 15, 10, 26, 23]
tackling number = 123
starting fresh with vertext: 121
123: [121, 104, 92, 77, 119, 106, 90, 79, 117, 108, 88, 81, 115, 110, 86, 83, 113, 112, 84, 85, 111, 114, 82, 87, 109, 116, 80, 89, 107, 118, 78, 91, 105, 120, 76, 93, 103, 122, 74, 95, 101, 68, 53, 47, 97, 99, 70, 51, 49, 72, 28, 36, 64, 57, 43, 38, 62, 59, 41, 40, 60, 61, 39, 42, 102, 123, 73, 96, 100, 69, 75, 94, 50, 71, 98, 46, 54, 67, 33, 48, 52, 29, 35, 65, 56, 44, 37, 63, 58, 6, 30, 19, 45, 55, 66, 34, 2, 7, 18, 31, 5, 20, 16, 9, 27, 22, 14, 11, 25, 24, 12, 13, 3, 1, 8, 17, 32, 4, 21, 15, 10, 26, 23]
tackling number = 124
starting fresh with vertext: 121
124: [121, 104, 92, 77, 119, 106, 90, 79, 117, 108, 88, 81, 115, 110, 86, 83, 113, 112, 84, 85, 111, 114, 82, 87, 109, 116, 80, 89, 107, 118, 78, 91, 105, 120, 76, 93, 103, 122, 74, 95, 101, 124, 72, 97, 99, 70, 51, 49, 32, 68, 53, 47, 34, 66, 55, 45, 36, 64, 57, 43, 38, 62, 59, 41, 40, 60, 61, 39, 42, 102, 123, 73, 96, 100, 69, 75, 94, 50, 71, 98, 46, 54, 67, 33, 48, 52, 29, 35, 65, 56, 44, 37, 63, 58, 6, 30, 19, 17, 8, 28, 21, 4, 12, 13, 3, 22, 27, 9, 16, 20, 5, 31, 18, 7, 2, 14, 11, 25, 24, 1, 15, 10, 26, 23]
tackling number = 125
starting fresh with vertext: 121
125: [121, 104, 92, 77, 119, 106, 90, 79, 117, 108, 88, 81, 115, 110, 86, 83, 113, 112, 84, 85, 111, 114, 82, 87, 109, 116, 80, 89, 107, 118, 78, 91, 105, 120, 76, 93, 103, 122, 74, 95, 101, 124, 72, 97, 99, 70, 51, 49, 32, 68, 53, 47, 34, 66, 55, 45, 36, 64, 57, 43, 38, 62, 59, 41, 40, 60, 61, 39, 42, 102, 123, 73, 96, 100, 125, 71, 98, 46, 75, 94, 50, 31, 69, 52, 48, 33, 67, 54, 27, 9, 16, 20, 29, 35, 65, 56, 44, 37, 12, 13, 3, 22, 14, 2, 7, 18, 63, 58, 6, 30, 19, 17, 8, 28, 21, 4, 5, 11, 25, 24, 1, 15, 10, 26, 23]
tackling number = 126
starting fresh with vertext: 121
126: [121, 104, 92, 77, 119, 106, 90, 79, 117, 108, 88, 81, 115, 110, 86, 83, 113, 112, 84, 85, 111, 114, 82, 87, 109, 116, 80, 89, 107, 118, 78, 91, 105, 120, 76, 93, 103, 122, 74, 95, 101, 124, 72, 97, 99, 126, 70, 51, 49, 32, 68, 53, 47, 34, 66, 55, 45, 36, 64, 57, 43, 38, 62, 59, 41, 40, 60, 61, 39, 42, 102, 123, 73, 96, 100, 125, 71, 98, 46, 75, 94, 50, 31, 69, 52, 48, 33, 67, 54, 27, 9, 16, 20, 29, 35, 65, 56, 44, 37, 12, 13, 3, 22, 14, 2, 7, 18, 63, 58, 6, 30, 19, 17, 8, 28, 21, 4, 5, 11, 25, 24, 1, 15, 10, 26, 23]
tackling number = 127
starting fresh with vertext: 121
127: [121, 104, 92, 77, 119, 106, 90, 79, 117, 108, 88, 81, 115, 110, 86, 83, 113, 112, 84, 85, 111, 114, 82, 87, 109, 116, 80, 89, 107, 118, 78, 91, 105, 120, 76, 93, 103, 122, 74, 95, 101, 124, 72, 97, 99, 126, 70, 51, 49, 32, 68, 53, 47, 34, 66, 55, 45, 36, 64, 57, 43, 38, 62, 59, 41, 40, 60, 61, 39, 42, 127, 98, 71, 125, 100, 96, 73, 123, 102, 94, 75, 69, 52, 48, 33, 67, 54, 46, 35, 65, 56, 44, 37, 12, 13, 3, 22, 27, 9, 16, 20, 29, 7, 2, 14, 50, 31, 18, 63, 58, 6, 30, 19, 17, 8, 28, 21, 4, 5, 11, 25, 24, 1, 15, 10, 26, 23]
tackling number = 128
starting fresh with vertext: 121
128: [121, 104, 92, 77, 119, 106, 90, 79, 117, 108, 88, 81, 115, 110, 86, 83, 113, 112, 84, 85, 111, 114, 82, 87, 109, 116, 80, 89, 107, 118, 78, 91, 105, 120, 76, 93, 103, 122, 74, 95, 101, 124, 72, 97, 128, 68, 53, 47, 34, 66, 55, 45, 99, 126, 70, 51, 49, 32, 17, 127, 98, 71, 125, 100, 96, 73, 123, 102, 94, 75, 69, 52, 48, 33, 67, 54, 46, 35, 65, 56, 44, 37, 63, 58, 42, 39, 61, 60, 40, 41, 59, 62, 19, 30, 6, 10, 26, 38, 43, 57, 64, 36, 28, 8, 1, 15, 21, 4, 5, 11, 25, 24, 12, 13, 3, 22, 27, 9, 16, 20, 29, 7, 18, 31, 50, 14, 2, 23]
tackling number = 129
starting fresh with vertext: 121
129: [121, 104, 92, 77, 119, 106, 90, 79, 117, 108, 88, 81, 115, 110, 86, 83, 113, 112, 84, 85, 111, 114, 82, 87, 109, 116, 80, 89, 107, 118, 78, 91, 105, 120, 76, 93, 103, 122, 74, 95, 101, 124, 72, 97, 128, 68, 53, 47, 34, 66, 55, 45, 99, 126, 70, 51, 49, 32, 17, 127, 129, 96, 100, 125, 71, 98, 46, 123, 102, 94, 75, 69, 52, 48, 73, 27, 54, 67, 33, 31, 50, 14, 35, 65, 56, 44, 37, 63, 18, 7, 29, 20, 16, 9, 40, 60, 61, 39, 25, 24, 12, 13, 3, 1, 15, 10, 26, 38, 11, 5, 4, 21, 43, 57, 64, 36, 28, 8, 41, 59, 22, 42, 58, 6, 30, 19, 62, 2, 23]
tackling number = 130
starting fresh with vertext: 121
130: [121, 104, 92, 77, 119, 106, 90, 79, 117, 108, 88, 81, 115, 110, 86, 83, 113, 112, 84, 85, 111, 114, 82, 87, 109, 116, 80, 89, 107, 118, 78, 91, 105, 120, 76, 93, 103, 122, 74, 95, 130, 126, 99, 97, 128, 68, 101, 124, 72, 49, 51, 70, 30, 34, 66, 55, 45, 36, 64, 57, 43, 38, 62, 59, 41, 40, 129, 127, 98, 71, 125, 100, 96, 73, 123, 102, 94, 75, 69, 52, 48, 33, 67, 54, 46, 35, 65, 56, 44, 37, 63, 58, 42, 39, 61, 60, 21, 15, 1, 8, 28, 53, 47, 2, 14, 50, 31, 18, 7, 29, 20, 16, 9, 27, 22, 3, 13, 12, 24, 25, 11, 5, 4, 32, 17, 19, 6, 10, 26, 23]
tackling number = 131
starting fresh with vertext: 121
131: [121, 104, 92, 77, 119, 106, 90, 79, 117, 108, 88, 81, 115, 110, 86, 83, 113, 112, 84, 85, 111, 114, 82, 87, 109, 116, 80, 89, 107, 118, 78, 91, 105, 120, 76, 93, 103, 122, 74, 95, 130, 126, 99, 97, 128, 68, 101, 124, 72, 49, 51, 70, 30, 34, 66, 55, 45, 36, 64, 57, 43, 38, 131, 125, 100, 96, 129, 127, 98, 71, 73, 123, 102, 94, 75, 69, 52, 48, 33, 67, 54, 46, 35, 65, 56, 44, 37, 63, 58, 42, 39, 61, 60, 40, 41, 8, 28, 53, 47, 17, 32, 4, 21, 15, 1, 3, 13, 12, 24, 25, 11, 5, 59, 22, 27, 9, 16, 20, 29, 7, 18, 31, 50, 14, 2, 62, 19, 6, 10, 26, 23]
tackling number = 132
starting fresh with vertext: 121
132: [121, 104, 92, 77, 119, 106, 90, 79, 117, 108, 88, 81, 115, 110, 86, 83, 113, 112, 84, 85, 111, 114, 82, 87, 109, 116, 80, 89, 107, 118, 78, 91, 105, 120, 76, 93, 132, 124, 101, 95, 130, 126, 99, 97, 128, 68, 53, 47, 122, 103, 66, 55, 45, 36, 64, 57, 43, 38, 131, 125, 100, 96, 129, 127, 98, 71, 73, 123, 102, 94, 75, 69, 52, 48, 33, 67, 54, 46, 35, 65, 56, 44, 37, 63, 58, 42, 39, 61, 60, 40, 41, 59, 62, 19, 30, 51, 70, 74, 26, 10, 6, 3, 22, 27, 9, 16, 20, 29, 7, 18, 31, 50, 14, 2, 34, 15, 21, 28, 72, 49, 32, 17, 8, 1, 24, 25, 11, 5, 4, 12, 13, 23]
tackling number = 133
starting fresh with vertext: 121
133: [121, 104, 92, 133, 123, 102, 94, 131, 125, 100, 96, 129, 127, 98, 71, 73, 48, 52, 117, 108, 88, 81, 115, 110, 86, 83, 113, 112, 84, 85, 111, 114, 82, 87, 109, 116, 80, 89, 107, 118, 78, 91, 105, 120, 76, 93, 132, 124, 101, 95, 130, 126, 99, 97, 128, 68, 53, 47, 122, 103, 66, 55, 45, 36, 64, 57, 43, 38, 106, 119, 77, 67, 54, 90, 79, 65, 56, 44, 37, 63, 58, 42, 39, 61, 60, 40, 41, 59, 62, 19, 30, 70, 74, 26, 23, 13, 51, 49, 72, 28, 21, 4, 32, 17, 8, 1, 35, 46, 18, 31, 50, 14, 22, 27, 9, 16, 33, 3, 6, 10, 15, 34, 2, 7, 29, 20, 5, 11, 25, 24, 12, 69, 75]
tackling number = 134
starting fresh with vertext: 121
134: [121, 104, 92, 133, 123, 102, 94, 131, 125, 100, 96, 129, 127, 98, 71, 73, 48, 52, 117, 108, 88, 81, 115, 110, 86, 83, 113, 112, 84, 85, 111, 114, 82, 87, 109, 116, 80, 89, 107, 118, 78, 91, 134, 122, 103, 93, 132, 124, 101, 95, 130, 126, 99, 97, 128, 68, 76, 120, 105, 64, 57, 43, 38, 106, 119, 77, 67, 54, 90, 79, 65, 56, 44, 37, 63, 58, 42, 39, 61, 60, 40, 41, 59, 62, 19, 45, 55, 66, 34, 47, 74, 70, 51, 30, 6, 75, 69, 12, 13, 36, 28, 53, 11, 25, 24, 1, 8, 17, 32, 49, 72, 9, 27, 22, 3, 33, 16, 20, 29, 35, 46, 18, 7, 2, 14, 50, 31, 5, 4, 21, 15, 10, 26, 23]
tackling number = 135
starting fresh with vertext: 134
135: [134, 122, 103, 93, 132, 124, 101, 95, 130, 126, 99, 97, 128, 68, 76, 120, 105, 91, 78, 118, 107, 89, 80, 116, 109, 87, 82, 114, 111, 85, 84, 112, 113, 83, 86, 110, 115, 81, 88, 108, 117, 79, 90, 135, 121, 104, 92, 133, 123, 102, 94, 131, 125, 100, 96, 129, 127, 98, 71, 73, 48, 52, 69, 75, 46, 54, 67, 77, 119, 106, 63, 58, 42, 39, 61, 60, 40, 41, 59, 62, 38, 43, 57, 64, 36, 45, 55, 66, 34, 47, 74, 70, 51, 49, 72, 9, 27, 22, 14, 50, 31, 18, 7, 2, 23, 26, 10, 6, 30, 19, 17, 32, 4, 21, 15, 1, 24, 25, 11, 53, 28, 8, 56, 65, 16, 33, 3, 13, 12, 37, 44, 5, 20, 29, 35]
tackling number = 136
starting fresh with vertext: 134
136: [134, 122, 103, 93, 132, 124, 101, 95, 130, 126, 99, 97, 128, 68, 76, 120, 136, 89, 107, 118, 78, 91, 105, 64, 80, 116, 109, 87, 82, 114, 111, 85, 84, 112, 113, 83, 86, 110, 115, 81, 88, 108, 117, 79, 90, 135, 121, 104, 92, 133, 123, 102, 94, 131, 125, 100, 96, 129, 127, 98, 71, 73, 48, 52, 69, 75, 46, 54, 67, 77, 119, 106, 63, 58, 42, 39, 61, 60, 40, 41, 59, 62, 38, 43, 57, 24, 25, 56, 65, 35, 29, 20, 44, 37, 27, 22, 14, 50, 31, 18, 7, 74, 70, 51, 49, 32, 17, 8, 1, 15, 21, 28, 72, 9, 16, 33, 3, 6, 19, 30, 34, 66, 55, 45, 36, 13, 12, 4, 5, 11, 53, 47, 2, 23, 26, 10]

