1
4899
1501
2855
9026
190
8091
2518
9146
854
8362
5094
1147
6422
9454
5675
6206
3010
7394
2606
3635
8909
4780
261
5068
4341
1135
234
9175
9050
3050
9719
685
6371
2845
7559
905
6664
1436
7213
2588
6248
641
9968
3488
7748
352
7392
3217
4352
4
8460
2356
5744
2000
7801
2400
9700
3296
9025
776
1340
8069
6092
3124
8112
1104
5620
5616
2305
9144
1672
7544
1105
9096
1929
9307
4382
2342
9758
3011
1345
3279
2962
7647
6042
682
9318
91
8934
1675
3366
8955
6421
4395
1534
6387
6838
6618
4198
8798
3523
6278
446
7654
2346
2695
9626
1610
6311
7378
2622
9922
687
8338
4658
9503
298
8727
2298
7903
1898
6938
6518
878
9938
1511
3250
9519
4881
9043
173
9628
3828
7621
5604
3421
8028
2376
9945
4696
9704
4457
3287
9257
1559
6722
6047
1178
9638
2243
3686
2714
9167
4757
6692
8933
3388
9381
420
8044
3837
3907
8414
1387
1422
5803
1086
9115
7269
7860
2341
4220
7016
2393
6256
6065
9311
689
9512
3484
8397
5292
3544
7905
376
153
7947
5977
8423
1378
6903
2701
9180
4045
5171
605
9596
1429
2667
5614
1110
9706
6423
5026
2718
6307
3494
5342
2227
4998
3651
7374
195
8830
1574
8627
3254
9971
2798
7202
9959
6941
2275
9825
175
6386
5063
1826
7390
179
2737
7464
1372
9032
1169
9647
4042
999
7837
3827
8942
467
4294
3275
4121
7115
4985
5216
7553
2648
9233
3992
5809
6960
961
720
6676
1245
9571
5558
5891
509
6380
8749
2915
8534
1267
3357
6444
7717
2892
5029
2196
9468
1348
4277
7387
3222
8227
7398
883
4301
5900
5549
8612
1792
4292
8252
1949
2675
3886
7350
8275
6
5619
1270
1979
9902
502
9299
2801
7808
8833
4623
5986
8655
5506
9135
1890
6946
4935
5266
8895
2986
9558
2763
5158
171
2230
8795
2441
2459
6566
2650
3750
1579
357
8292
8349
5107
6774
6222
6322
2514
1975
3954
5455
8945
6184
57
9744
1072
7577
8048
9113
5048
2873
1483
5742
5922
639
9361
2303
4258
9431
370
4814
4987
9174
5226
6223
3978
7047
5497
4907
7862
238
9963
3262
9507
1518
1618
7218
3598
1443
7582
882
7954
1071
6850
2951
2378
7823
4058
167
8669
2995
3894
9795
3661
6743
9386
1850
6431
1490
7919
181
1419
2677
6159
1237
7227
2182
9267
4422
6603
2422
3354
8095
6546
3255
2221
2540
9341
68
5861
3743
5473
2627
2702
323
8513
6616
1665
7360
3249
3151
4074
8470
8430
1174
7662
82
318
5307
5302
174
9235
4926
6099
6445
5436
8253
772
749
9052
4404
5596
6068
988
5573
4628
3293
8807
2642
1847
8153
3083
5942
4259
5542
2922
7687
3338
8762
4463
721
1304
4625
9775
834
7
2493
8956
3588
8733
5667
1902
8502
523
5102
7667
982
9422
1394
7255
5741
2359
5385
9256
1769
8231
1373
6908
1928
9953
1496
7340
8789
7852
4692
7408
161
9839
977
9224
2012
9013
6612
4624
1001
8800
4425
3675
7989
7636
828
9373
8316
9909
1540
9696
1968
9057
2824
9497
3047
4349
4867
7454
4427
1049
6872
5009
2387
7414
1235
529
9672
732
6493
2343
8061
39
4450
9474
9847
3378
8503
2106
2794
2535
4026
5383
6498
9127
1074
8335
4890
5311
7458
286
3195
5830
2451
6385
4640
2585
7216
6009
5227
398
9206
794
2231
9218
4238
1538
8263
1938
7471
3345
7264
5732
3677
6932
6293
3508
5141
7180
3845
8476
4980
496
9504
3721
4928
9713
1103
3521
3040
9956
2813
5468
1757
5639
290
6766
6230
3770
8111
7265
3551
6853
1611
5113
7656
2953
1403
5653
8988
1416
7048
4616
6620
2984
8897
2128
5441
35
7190
3835
6981
4255
9669
5707
1862
1619
9830
170
7399
3626
9143
7757
2044
7560
2641
2259
6577
9552
1264
3225
6976
2433
7171
3645
1255
8546
670
9131
8558
7571
1265
4211
7889
4655
6794
95
6466
8175
5050
3975
9250
951
6105
9271
729
6160
4865
4544
1385
9640
764
6632
2017
4383
8386
2018
383
193
6368
2281
2480
7124
9005
4684
6765
6460
9924
3301
8799
5842
6927
7234
335
9074
1951
4610
1015
9186
30
5011
2214
2970
3430
7595
3854
3202
47
6842
6154
8487
2538
7263
3762
2799
2530
1314
7522
2082
5839
3765
79
7842
5847
394
9407
5722
9903
8322
1479
8925
4071
5730
9895
3794
5422
3603
8718
4507
1269
6127
8757
268
7476
9948
1933
2163
8038
62
4699
2357
4532
3037
5244
5992
2657
5264
4937
3899
4022
6587
2062
8139
9817
9783
4378
6026
6295
6474
4551
3730
9495
9826
2055
3274
9951
865
3231
5418
9223
186
9615
3610
2631
9690
3079
7737
6904
1017
4459
1782
1939
1905
6016
2084
6565
2651
2110
4131
7750
350
4411
9513
4887
3394
9831
6810
8074
1335
6586
4650
7014
6442
9434
2015
9866
1583
8618
791
9818
586
5975
5474
3175
7850
2150
6499
3302
8147
8494
6147
3654
571
6998
3818
5591
7865
7511
7618
3198
5827
8097
5128
801
5760
5689
7536
6388
3813
4651
2405
8620
596
9008
3536
9460
1776
9040
3729
4920
5484
7060
2741
7460
7424
1040
8960
1241
1463
8738
4487
1442
7207
5562
9079
2370
9730
471
7810
4290
7591
6098
2551
8058
2967
4777
264
4360
5841
3960
940
5621
7375
2625
9919
897
2019
3457
1727
8882
1522
8478
4066
7598
5858
6463
4562
2663
1433
4043
3878
611
9190
4266
5935
8706
4063
7173
1663
1818
9631
1185
6040
44
740
9664
336
8313
5143
8781
1623
7981
3683
7342
5654
3562
6639
2770
5511
730
4895
5
5924
5957
3068
9928
6713
2503
7497
7879
5577
9799
5826
5410
6471
8170
5754
1302
8698
5463
9913
5712
688
9921
4963
1598
8402
1799
2557
9764
2117
9119
881
7400
5369
1192
4737
2152
9729
472
5457
3568
32
5897
2024
7580
701
9500
500
9701
3524
9020
1181
6215
3194
2135
1834
7382
362
3607
8057
3824
6992
8633
203
7022
374
8462
947
3814
3930
9994
1455
5941
2523
4366
6243
3166
7650
631
1305
7159
2250
4639
5361
3103
2981
5300
6364
861
9748
3708
5508
3328
6873
1408
4217
8327
3554
415
8049
5176
2049
8355
4870
8586
3958
8811
1798
6666
3943
7721
1115
485
5140
8549
287
9514
2807
6797
4019
7645
5351
3674
9095
2141
775
7325
4996
6029
7660
2340
7861
4239
1537
6207
849
3775
4506
8950
654
6235
6534
691
4493
3251
6158
8971
4485
6964
8165
1244
8360
2249
4151
1325
8084
565
4476
1453
2391
8425
5031
3805
8295
5394
2527
9573
7068
7573
1836
8568
9121
680
7420
9741
2580
9964
645
4396
93
9123
5277
4924
117
7452
6472
5192
6044
8840
3041
6175
6821
1100
9716
1733
5156
4645
8580
69
5407
4394
8831
8593
3071
3013
351
7045
5276
1285
5771
1118
6982
1667
1249
5640
3385
4011
9214
390
9019
7881
219
7006
5990
8171
7958
8683
3861
1039
4437
604
5172
9712
1737
4039
4242
3327
1714
9522
1503
8901
1915
8085
564
7005
2404
4821
9340
6536
8348
1652
6997
3612
1864
6600
8284
6116
608
3881
4583
4633
7248
3988
773
7148
5396
7600
5169
6495
3706
6698
8186
7943
5746
8415
4810
4215
9010
1806
3970
8130
4866
9058
546
9858
343
233
8983
1218
9391
213
8436
2800
8864
9632
1817
6283
8846
9923
2398
9483
3742
9947
1289
9736
5393
2888
7313
4568
7753
5703
538
9066
934
5466
8223
3226
3999
1777
9887
6497
3704
6097
4719
7825
5400
6700
869
4607
1793
7616
2993
6808
7592
8537
6347
53
9551
2549
8267
3833
1943
2681
5600
8089
6552
337
5439
3025
6776
9100
4589
4820
3280
5556
1669
4107
3462
6739
6030
3379
2705
7295
3109
7092
4144
8177
2432
3193
5088
241
8040
6844
7797
7332
1317
9708
1108
7541
2063
7937
7939
1470
5419
5817
2647
269
4087
2474
5095
2130
6895
1754
455
8009
1595
3589
4155
469
9935
2165
5404
3060
7965
5724
5301
5308
3156
6253
2396
5525
3500
5336
9064
936
8280
745
6999
6457
3947
4334
4882
4919
4297
7367
3449
5960
4856
6169
7992
7633
3816
3073
5391
9985
2115
5629
6915
310
8339
2686
4539
3561
5848
1208
9196
2468
8768
1636
8973
4716
3384
8065
5160
9240
1996
6104
3896
1729
6192
2833
3891
9105
4351
6258
6738
1726
4674
7870
2331
9333
3892
7344
7540
3069
4327
2729
9815
1210
4415
4421
763
9038
962
9854
2027
9209
8747
3574
395
3830
5195
4214
8782
243
7153
8472
177
5907
1318
9707
94
8555
5134
6747
3054
1042
9567
7074
6151
4050
6354
8287
738
2071
4653
4951
1290
8911
1698
9538
7886
950
8075
206
9794
3431
7594
6567
1002
22
7203
366
7555
4766
5035
3614
6790
5091
1633
5763
1293
7543
3482
1994
4567
5837
2444
3485
1556
5333
8591
6050
5831
5618
4991
6673
552
7192
1644
8157
7972
9189
2260
8976
1840
7961
6680
4769
7552
2448
9216
7425
6736
3668
4613
5996
7229
5315
9814
4586
5414
5402
1159
6585
5736
4264
6345
3064
2412
3213
1012
4029
5772
4429
3492
8389
1215
3141
6268
3933
292
6764
125
5059
7041
9859
6782
1867
6414
6811
3189
9355
5286
4915
4494
9906
3319
6285
6036
6508
8133
6028
1893
2731
7470
274
9330
7831
2573
3511
7514
3722
7727
554
8471
2978
9122
3422
9803
7358
923
6646
410
8054
8587
3077
1547
4229
1247
2597
8428
1176
6220
5880
681
5560
4844
197
8828
1576
1449
8155
4841
1720
9944
2600
7201
4248
2977
9792
3664
6740
5581
4023
601
7143
5626
9999
9882
3114
4111
1073
6848
3968
1361
575
8450
9239
6637
2388
6448
8681
2768
5153
9731
5398
1827
9837
5047
578
7343
5882
8759
3122
4103
9353
1883
9566
2534
9130
1895
9986
3938
2623
6213
3787
2454
7950
1075
8529
2707
6702
1762
8439
5017
3819
5397
2884
6332
392
7004
8372
2653
6563
2462
5819
6725
164
7405
516
7228
4008
2233
4992
9649
3807
8293
543
9457
4943
5258
5978
4223
7226
2774
5507
3518
6683
1966
2003
913
7923
3102
8779
2246
7163
7966
2034
3895
866
6190
5259
5766
2334
8482
2127
9322
4839
3810
2590
8859
7782
1822
2939
3461
8860
1956
4605
1795
9230
4226
5183
1706
8495
3386
4010
8311
714
8890
4335
6901
1935
5461
1263
3637
3252
3973
3771
585
7336
945
7155
1681
5208
6241
4784
8441
5015
5389
4812
1117
6983
7658
2746
6858
886
5514
2407
4482
1918
8486
3395
7841
1375
9234
1582
8822
2203
3273
3127
9417
384
8080
2529
8707
4062
6963
2253
6583
8301
3363
4206
7675
6486
2539
7065
4384
6225
8659
3885
1591
7058
4823
5177
907
1694
9755
245
2156
8660
1541
4700
6325
2891
7925
5531
9598
5043
5982
3427
294
7987
4782
7318
3498
7738
8903
1298
223
353
8672
2144
6320
8321
704
9097
507
2629
9692
917
5644
4557
8899
126
3718
4563
8893
3876
6733
156
9448
956
4520
9641
5000
8689
5711
4490
7391
3218
3838
6771
3633
856
9345
2755
2286
6930
8446
6195
3214
9107
4118
9806
1219
6881
7043
13
7908
9781
5103
2997
5467
4533
3036
4189
2700
7501
2300
2056
4833
1567
5489
3347
6257
5624
6697
9687
5197
1044
5356
9773
8996
4460
5341
2228
4997
9644
557
8852
1349
6572
2453
7151
418
9582
2739
5725
6156
2869
612
4288
5913
1656
6993
4032
1897
7904
2096
8929
1475
9550
4374
3547
8553
8347
5814
4186
4278
9411
1198
6027
6073
327
573
8643
5281
495
6561
2655
9226
2223
5521
8168
3281
563
1741
8868
4588
6021
1548
9061
3260
9965
7724
5965
5060
2509
8940
4056
4408
3692
9304
1721
5168
8993
8431
405
7695
1521
1615
1985
4099
8445
5955
4246
4970
9671
4729
2496
8953
456
5020
9621
4303
1026
3330
6871
3738
2191
8418
1383
7642
1194
7087
4577
1507
2337
6879
5002
1887
9777
6607
8769
9187
7713
7416
8713
2103
6361
3243
9753
4647
1282
3759
7266
655
7089
2515
9366
2734
7875
2941
8508
708
6181
4020
741
8668
4328
4321
6704
8180
5509
4491
4534
7347
8278
371
9629
2471
7529
1120
8289
2736
6868
8016
4305
4159
5642
6239
3962
8138
4631
3650
4094
7570
1266
9343
6786
2239
1605
6859
8766
4230
3514
5702
227
5249
4355
9101
7283
4381
6435
621
5940
8701
4068
8928
3172
672
4089
1995
5061
7260
2740
4656
9033
7608
673
5256
6625
4400
2489
4235
9689
6187
8454
2155
8661
8239
42
9958
858
4471
1458
8743
282
9718
2382
6834
5487
4117
3452
6749
5572
6309
7380
16
5609
1616
5273
3752
9473
3983
8561
3539
4561
5240
1649
3680
6121
2715
4854
5962
8922
2742
9139
4550
6686
6770
2066
6959
2450
8366
659
5425
1971
9478
1131
3630
5586
3823
4641
1288
6456
6313
912
9904
1977
9259
6366
7323
7806
5883
1173
8628
588
7512
9129
5032
8657
1144
5745
1824
9201
9024
3972
9484
3741
2035
6246
4158
5446
8954
3590
6814
9062
347
6878
5666
6655
3146
6263
4762
9162
2287
629
6596
460
7640
6521
1223
9802
807
8797
2439
4617
7483
3333
5503
3522
8359
6282
1114
9290
2591
8434
3230
3659
5366
9763
1262
5794
8367
3082
2102
6179
4225
9464
7436
7448
1388
8216
5945
5504
2065
7935
1281
8920
1896
6025
6744
3256
6153
7771
4773
4252
3317
4964
3872
2689
8336
5120
6980
3020
3541
4028
7421
8708
1292
7924
1877
8732
6397
2067
6582
987
7113
2688
4201
1275
7941
895
6161
5720
3305
4976
4240
5561
7208
3196
1160
5896
8265
6619
2030
3595
4869
1855
3921
4543
4106
4175
8146
2258
2783
8666
2570
6455
106
7290
8086
6314
742
8862
1747
7278
7606
5390
7379
3646
6758
2267
8137
1863
5193
7803
4966
8259
8382
2643
3286
9710
2390
3851
4430
5974
4635
694
8522
503
2413
4643
1441
7395
1254
8547
3997
6819
2206
4683
5518
3507
3382
9843
4318
7563
2841
4048
5952
9673
4727
2669
5795
4205
7459
8670
2355
6861
2548
6668
3736
9720
2161
8448
768
9841
6288
1812
2949
8076
1528
3948
277
2748
4477
8748
1053
8163
1837
2519
1577
6344
5756
9869
7292
1544
9272
4184
8585
440
2924
9176
2060
7741
2460
7341
2263
6762
5338
6111
2914
6690
535
5090
1471
6629
9247
2417
6799
3402
4698
5911
813
8791
6093
4108
7773
2836
3725
6076
4949
5867
3158
5306
623
6266
3935
1106
2863
1626
4615
5186
8975
434
6791
1309
4932
6304
1796
8813
4183
717
7564
4100
5309
5716
2933
3956
6860
7781
4988
3476
9068
2381
7820
5405
7139
6086
3323
7081
2328
2028
5028
2541
4855
4170
1759
5130
9754
447
9354
1050
9975
4666
2559
3525
7291
1545
7864
6060
4344
9580
1869
6595
7805
3859
5166
5859
3745
744
9865
4296
2265
9616
1200
9001
3768
9688
4712
9212
1604
8000
5225
7319
8810
215
7354
4310
9851
758
3467
3929
7735
1481
9128
2321
3763
7686
778
6447
6549
4900
1989
8011
825
9579
6805
1476
5920
7305
2104
4620
9069
3927
8394
70
9339
9705
4695
5709
220
6341
3460
6741
6948
2853
868
9132
3864
5545
8616
5784
3820
6996
6000
6321
1600
6864
4800
7521
6403
321
1360
9249
3072
1284
9532
7368
4732
2837
9932
1732
6189
1911
2578
7422
7219
4017
2224
9012
4677
2212
4512
249
7147
3257
7979
302
7619
5606
6715
4521
240
8409
6720
3481
615
6610
5271
3754
3990
6211
5238
7083
3733
1451
7385
9515
3941
7508
6416
7040
3364
6636
4600
1641
6459
6537
859
1845
5211
1678
2547
4014
5787
4414
9747
3942
4707
6742
2862
9238
1578
6886
6570
3834
9622
5262
1963
7253
8123
5801
5224
2697
7504
2297
9152
6724
4092
8677
4548
8221
3660
6949
1151
8849
8312
3137
5699
9430
1179
6390
1006
4035
6369
7320
3289
7527
2473
9848
761
464
6592
1689
3495
226
9378
1438
6483
9142
7242
7887
2113
9987
5889
6880
864
8352
6532
6693
4123
7977
2839
5442
6439
7722
9439
5937
1984
9680
4009
3216
7393
3
9022
3078
8803
6573
3628
9597
4803
3478
7131
9769
5607
4194
8127
4642
4962
8034
2575
4994
482
8167
114
3022
2307
2877
9444
2005
9876
1149
5251
6849
547
7197
903
7933
2268
3061
783
8242
222
5254
830
7819
1206
5355
1369
6375
3625
3600
3796
1829
2932
9612
6264
1132
7149
4300
7364
2636
9028
4428
9261
5623
1101
9715
4209
4627
5373
9511
5865
64
9737
2584
6441
7720
5049
9835
4565
5236
4173
183
7042
2958
9811
9789
1875
6406
4619
9305
2795
4601
6008
2273
5471
613
9588
1228
7053
7108
9276
6349
4260
5541
8383
2021
9428
4972
6477
6748
4488
2401
200
3164
9380
3389
7220
4880
4921
3179
5846
6254
7435
7449
6951
3658
6543
9586
2295
9805
6324
400
8249
3632
5972
752
9449
7712
7913
187
6374
7315
1334
7502
3734
4547
77
67
5117
8108
541
1395
1969
8847
5314
1742
8867
2582
6067
2033
7183
7217
6707
6062
8579
7046
4835
9565
8391
1410
6334
2882
8567
5357
7412
9749
3247
1653
4747
5454
3955
2934
1291
5765
6779
1142
7694
2507
8729
875
7225
3591
8509
8915
3185
5651
5798
7427
2374
2526
8083
3581
6823
3786
7878
43
2558
6658
5886
2950
4446
4579
2990
8891
8270
8630
1370
6911
314
9487
2177
8848
4148
8396
253
6308
748
5181
4819
8406
3475
9294
706
3519
8581
3300
7936
6464
8665
4791
4618
3663
433
5343
8818
2418
5151
5253
9147
2302
7107
814
8790
2446
2178
423
8793
8107
6054
6490
1791
4138
4326
6910
1011
7453
8172
7704
1512
5212
4197
28
9972
2349
4375
8621
2615
3785
5431
2313
1531
7118
7282
3534
3027
2449
9000
2236
7565
3671
6130
5751
649
1655
4745
3176
6233
8
9992
412
6312
7144
5852
6917
1183
9842
974
4802
4999
2226
375
9625
1191
9213
4243
3678
9778
2322
6703
3098
9446
958
8646
1155
5901
2020
5205
2364
3261
8188
276
5500
6381
3420
5605
2316
7885
5340
1549
8451
2574
8035
990
9211
5189
8735
3586
8514
6862
2354
9746
1703
5522
6142
8987
3334
5691
7998
2611
2865
2911
8538
111
9493
1323
9702
499
3597
7428
4236
3160
4940
8056
1944
7272
7369
5856
3553
7683
3133
5516
7940
7685
6956
2069
6212
1888
9993
4407
2989
3735
5481
2088
8937
3163
86
9518
2803
918
3178
2447
9002
407
7162
759
9042
1774
9675
5209
1680
9556
1469
1031
2938
9606
6523
3081
5200
6681
4768
8688
8736
4033
5571
1998
9027
5857
867
8158
3291
6510
1234
9170
1439
6482
914
4127
9562
7338
1687
9977
632
8393
3271
4829
6407
1162
6759
8866
159
4330
9594
2727
4842
1242
3799
2285
5815
5001
9883
9161
1448
6652
6804
765
9036
1573
3756
8125
900
4725
3739
6462
1459
8145
7231
4218
7882
8247
1954
5615
6049
3167
7034
3370
8511
705
5071
1329
3571
2670
5979
105
6136
2145
9955
7206
363
8286
178
663
9946
1718
8483
5206
6894
4555
2501
7700
4181
8588
9637
2684
8552
473
368
5873
8051
4945
8744
1057
5184
6480
576
8640
1561
9888
3108
6108
3496
3393
2232
7372
6084
5152
1248
8752
3792
4129
2271
4453
1631
8369
2240
8785
624
8592
817
5424
1300
6621
6148
3852
7384
1080
6316
5565
3844
4256
9433
5696
2048
6977
419
8417
2399
1201
6024
700
6525
5575
3641
5384
545
7376
3028
1328
9488
3056
6745
1904
9760
7401
1624
8985
2040
6424
6801
424
5201
9199
8225
2179
5921
968
8636
2180
8021
1004
3757
7692
5533
1356
9880
2664
4060
8484
2965
4956
6069
820
8589
6787
4877
9284
2816
5648
3377
8944
2292
4597
1028
9173
8516
8645
2380
7224
1240
7976
3473
4448
7873
591
6634
1830
8371
1629
1180
7101
8524
2085
8731
1878
8526
2083
6942
2274
8542
674
9326
4598
5203
273
4216
6809
587
9614
7027
4637
1763
4478
6547
1022
9179
1430
8570
2666
7535
1874
2222
9014
1390
8610
9346
7038
358
8291
7585
5411
3053
5228
5381
9995
4889
2167
3017
7799
6601
3003
4393
3888
6928
7233
1048
7052
1973
6863
5906
9970
3719
8602
4167
3229
3171
7438
7938
8191
5733
508
7956
9733
5643
4558
6051
1693
7523
941
9260
344
4417
2639
7562
8314
3135
8746
6138
8991
8433
2176
7625
7751
713
1051
8358
2458
9642
2679
2362
6663
6562
6434
5447
9437
967
6089
1307
6793
6203
7486
6438
123
6277
4959
3322
6678
7011
910
7739
3497
103
7997
6164
2485
4571
5429
2492
4232
1097
7928
1676
9140
2524
6501
7188
1461
5764
3840
3049
795
5929
4475
2581
5519
7025
2776
4793
5008
9633
8863
3018
2311
4413
1987
2369
7631
113
8351
9605
2716
4509
675
8734
1067
5174
6275
6046
1523
593
5807
3029
9967
1697
2659
4065
9624
3832
4817
83
6806
590
6299
8101
5823
3781
63
7858
5367
2554
4671
4933
251
7493
2308
5261
1964
8036
4960
9681
5944
7281
2920
5916
325
9279
522
7759
2442
6967
777
8827
389
7007
1642
8159
2866
5415
2154
9510
291
7990
1811
7793
307
7974
2430
6979
9405
9639
3130
3111
3613
9383
2498
1102
6294
267
7833
7296
3520
8361
475
8174
6710
3290
7114
2687
4709
620
8596
3285
6516
2320
5961
4648
8121
5568
3268
2061
9603
5773
3443
4838
787
6957
1879
4845
6391
5058
1831
378
9823
786
9618
1407
7429
3180
5845
2076
7725
3091
6909
316
8709
6420
7036
8093
932
9884
2885
959
5602
8087
2522
7679
4202
5599
3426
6178
4431
3138
8098
9591
4333
6276
1468
9348
1056
6688
201
8824
3276
8605
231
25
9776
2324
9997
4644
7456
8169
7960
1841
4720
6729
3472
3089
9907
4977
2419
1937
5632
9009
792
8617
1584
4816
9108
1708
7896
7729
192
8457
952
8073
27
7894
7482
6679
4770
2455
3021
8004
3445
7371
8005
644
9356
3188
9581
4580
8876
8285
1516
2973
3751
2333
6883
7758
2043
6238
4787
2957
7244
3572
9197
1412
7237
3372
984
9217
1392
5833
9051
3270
6931
8694
7182
4054
4595
8861
4135
6890
7510
4811
2078
6571
6425
299
8726
4270
4566
8203
5958
8442
207
8629
4596
8400
1801
408
7161
3448
4473
1768
1257
6843
5257
3207
889
8715
1486
8315
3134
7891
3558
6643
9998
818
8207
1594
6150
3066
7135
7026
2383
8853
6031
6290
8110
4659
9030
1374
6907
7017
4219
1710
9954
247
3353
6647
1274
9542
2122
6527
1217
7999
1802
9862
954
6271
1125
7524
757
3339
5310
1414
9195
7705
7179
9721
683
6542
6454
107
7814
3850
119
9485
3971
5633
4168
2556
8469
2347
3582
9414
387
4942
8283
1126
99
5085
4324
5877
3532
7917
2284
7716
7413
1803
3673
5352
8337
7539
9102
5298
3351
6058
2406
9258
8166
6718
3483
5353
9288
3033
4888
3761
3295
6506
2143
9093
511
8898
5263
3953
7496
9145
855
6201
199
7370
4730
9911
4973
356
1013
1487
7349
5420
3416
9809
2960
4609
2280
9820
381
643
6753
8623
2402
9047
5114
6335
1946
7270
9371
2293
5988
6781
9860
6524
7637
2164
6117
4287
5317
1739
7670
6730
7194
3622
2619
7785
6376
2649
2827
6389
6836
3365
4379
5030
9611
1838
8363
7766
5923
2726
9155
2945
8719
1685
7531
8345
5816
3593
5056
9344
5297
944
9872
2897
8984
232
9372
5512
5304
937
5147
4654
3090
3634
5775
949
3147
7669
2132
7277
4172
3928
6476
4549
1535
6929
4307
2093
3991
365
6359
3245
5036
1205
2159
6122
1978
7238
2563
6846
1435
5790
3619
4481
3440
5776
5460
3004
2925
8100
4000
6816
1465
1899
5326
450
9351
2098
303
2722
8094
1707
9957
5668
108
8728
2936
6280
7409
1807
5762
1634
4927
4874
9287
6338
4271
2618
9263
4193
1283
7181
2423
3977
4859
3062
1562
9254
1150
9875
2225
7775
7601
3008
8656
2793
3931
5870
1355
9670
6714
4950
2971
7638
8491
7134
966
4075
1701
8703
4986
6250
6071
1498
8106
1894
9770
2330
9334
666
5110
6126
3283
8598
51
3918
8403
6726
1018
5543
7682
6242
1327
7322
6602
2234
6415
810
7111
1353
5536
3873
4591
5409
3616
2784
8241
3640
5964
436
4325
2564
2336
6500
224
7876
1533
9703
1113
6987
4038
7843
2358
9742
4419
4606
9083
2366
5915
2921
6488
8888
4337
2552
9548
1061
3035
9286
1530
7119
2682
6922
1359
5365
4044
4420
8124
7252
492
8724
2092
8517
7867
5822
3203
5078
5947
5502
7494
6430
459
8566
5358
5878
6003
3601
2175
5221
555
7366
1659
841
3920
5881
6219
1350
5539
4662
2907
8118
2698
4191
8353
3747
4902
2842
9039
5122
8802
3298
9927
4234
5370
2199
6450
6094
1650
8754
4015
609
8416
2193
2431
2058
7743
4801
1440
9796
5829
4575
8650
5039
890
1814
1786
8214
1195
6905
6551
4685
3236
3989
4847
3802
4479
6970
599
9602
802
6767
1333
4908
3192
8257
2979
8902
3867
5934
1635
2721
3055
194
9215
1810
9426
2895
9205
4484
9677
3779
7037
1612
9204
205
9996
1668
8941
4284
1492
4749
5452
5997
9879
3117
7084
7800
481
8544
3777
9912
88
7137
607
1418
8582
254
8395
3926
7099
6590
3211
7193
2411
8198
1603
7613
2996
10000
3456
3433
5783
1961
7840
8801
1400
8401
248
6641
2008
9017
9479
2185
2576
8033
5656
428
8788
2661
3580
8520
2505
1339
1365
235
9966
34
5150
2594
8642
1967
3809
4291
4358
3038
8626
1778
5278
4722
4687
8082
567
4474
7847
74
9335
2114
7102
1362
5694
7302
442
6614
7786
7839
1377
5679
3346
8535
2490
8119
345
9456
544
6512
5588
8812
2852
2624
7985
1816
7593
5403
9481
3063
5037
9604
1421
9395
5246
5570
3266
7138
431
8594
1010
9191
4498
9663
8026
8103
7273
2928
7888
5337
592
4308
7356
8269
380
6509
887
8717
4052
709
8507
4718
5483
142
5042
8183
466
8559
850
7986
8398
438
6451
2013
9436
168
7932
532
8304
7072
3744
4905
6331
7830
9070
534
9870
331
8318
146
4079
1546
1055
9761
5864
1880
9569
1456
7760
6640
2009
9440
3104
9892
3564
6237
8892
3652
1677
259
5517
5299
3350
4046
4790
7310
1154
695
6530
2879
8357
3307
414
8235
1566
5659
1230
7419
6037
1884
9780
421
6303
753
7528
4136
625
3096
5004
7765
4116
9808
3648
4096
5313
2787
1702
3627
2614
986
6935
5386
5850
3951
9274
330
4570
191
98
7646
8995
2886
7930
5994
1575
9874
942
8274
1927
5469
6631
3773
7463
637
7827
2173
6852
8773
7103
122
9094
707
9697
1539
9486
1750
9275
329
2587
4809
5595
3241
3320
4249
2640
8176
1233
1368
8041
1175
4909
8780
3101
5735
4669
4356
7308
7821
1980
5416
5820
3396
4704
4132
8412
237
9564
2536
8913
2968
8481
355
6701
1043
8758
2478
9403
2261
6955
9429
5700
3709
5316
6133
1092
9109
6020
221
8243
5681
6419
305
3791
9665
3331
5885
2215
2685
6919
137
9863
953
6103
5133
4276
4373
4091
265
7835
7294
3315
4254
2146
9303
3922
5879
4322
4894
1035
9990
3006
6994
3410
4511
5290
5526
8635
7749
3487
7538
3698
5138
9262
5622
3982
3939
9750
2350
1746
1063
6162
5938
1983
9898
2646
6958
9683
8273
2543
7457
4207
3714
1047
4282
7599
1426
4503
8266
3183
9138
4786
7983
4338
7326
955
9045
7596
3429
4852
2717
8947
6429
627
1974
9475
1341
9063
3258
4663
521
2504
4057
4779
9382
8574
3526
2403
4486
7178
566
3790
9666
135
2569
7431
1033
7067
1397
3092
8144
2057
4343
4873
1211
9398
2051
4510
5291
7478
266
7303
2898
9202
3119
7082
6143
2138
9962
7199
1637
9388
2276
6188
8453
5708
6173
3043
4182
7699
1326
8875
2789
6236
5428
3981
7468
6221
3980
9245
3076
8373
6756
7168
2436
9228
1588
9648
1168
9236
1789
9660
4740
9901
300
3181
915
8886
139
3957
8364
4180
45
3676
3720
5305
1920
6001
560
5065
2856
5793
8131
3533
7916
733
5196
2373
5908
981
4495
7386
10
9015
2010
8599
4857
6807
7117
5204
6245
3359
2266
5834
3967
9722
6662
2747
8917
2532
8077
3804
4660
7884
7000
921
7915
3749
6251
8149
3515
3374
7651
270
8946
5215
1346
6754
5346
6535
1034
8182
8202
1207
3693
9076
3468
5368
5241
3784
6417
5247
4954
3695
6305
2344
1881
5175
6925
5844
3760
1424
9392
212
2389
9711
6165
3244
1112
2609
7795
486
8730
679
8346
490
7610
8519
2090
9574
4826
5375
8081
2528
9136
4553
6896
7028
6428
6568
2081
8528
308
7792
2208
8817
3952
1524
5701
540
7381
7019
2006
3470
6731
1190
926
8099
3565
660
4965
9435
169
7931
1673
8128
8256
2769
5331
6990
4891
5109
5295
7474
3342
8539
3782
979
5105
671
2810
8215
1785
4299
8022
1779
6502
6954
790
4110
7339
230
6826
1638
5931
3094
5555
5894
2942
9158
4067
1558
9678
3318
8563
2046
7558
9342
4582
4443
598
6971
4910
9974
26
8999
2026
9423
6202
198
6043
5838
2811
1813
3371
7445
5324
4085
4196
2860
2469
6940
1709
7127
617
8408
8233
4536
364
6197
3604
8277
5884
6885
4140
5661
6660
4365
5044
5157
4843
8613
3051
4693
2363
8873
536
1145
7880
7745
176
1193
8411
8230
6411
8473
7403
2201
8615
1586
5470
7526
1123
9078
2158
7446
4435
4974
9667
5462
6638
3362
1399
7626
6298
8343
3321
904
6665
391
4233
2491
2985
9784
4377
3367
9402
3594
5242
4559
4850
6599
1322
9914
3542
1787
9877
4523
9166
5718
1171
7665
9759
1477
5084
845
8564
2461
6564
2272
3969
7480
2520
2809
9072
1332
6064
4545
4104
2620
4436
8560
5364
9277
1748
7661
8723
4273
1352
7484
3125
7900
6261
4143
6882
7279
5946
3463
8858
746
9658
143
4346
8879
1525
3099
5737
5079
6370
7791
3234
9991
9
9400
5976
3240
9081
328
6897
3304
1596
9853
8916
6709
180
7389
5380
5024
7520
1696
7329
8047
2562
3679
4785
9856
144
4345
7104
7537
8088
1128
2593
9728
2372
8444
1960
5096
9545
5339
4462
8307
718
9891
4750
6066
5170
8055
5634
7822
8562
3538
7071
8554
3546
5670
1054
3987
5617
5199
8490
3831
9394
606
1243
5813
5423
1138
6783
7141
2463
9418
6966
2835
7774
147
3697
7328
1136
6433
4592
2464
9857
7832
449
9352
1052
9973
4668
7432
6968
8161
7215
1434
7030
4851
6174
8226
8935
90
7479
6210
7714
750
8466
4530
7351
1865
7160
8969
2912
3649
8232
3432
4137
5664
1225
7239
2761
2864
5785
1784
8825
779
377
8648
1153
9048
4876
5124
8565
3316
7088
3728
497
5432
3032
6769
5552
2192
5729
8432
6452
2197
1647
6453
603
5173
4827
5374
2022
9003
4222
9939
5190
8499
6630
2586
7018
726
6163
2118
9118
1907
6193
3023
2306
7298
2903
8333
9623
5018
3631
6978
8151
2050
3575
9194
806
8603
6281
3128
4097
7567
2
5182
594
9810
4590
1494
6606
963
8838
766
9035
965
4076
6328
728
9073
2808
9961
648
9553
3672
3052
3509
980
8624
4832
7489
5280
5956
8205
9219
385
3336
8328
4441
48
9952
2148
5248
9881
3344
7892
3772
3624
3100
5925
5524
9360
2961
5875
4125
6484
4332
8437
2172
9709
3516
3045
7156
5388
2893
2732
7268
301
6260
4556
4280
5129
7415
6041
359
4130
4519
1722
8887
5274
3190
8046
1170
4455
7209
712
6513
9363
6262
9867
3358
4923
8533
1467
7942
7434
1402
9834
2710
5034
5782
2139
2217
5704
6617
2987
7417
6039
8122
2079
37
4059
2665
9656
3113
6296
5585
7184
1280
8921
4304
7796
6128
3088
8576
4649
7451
470
9934
2166
7834
2982
739
5985
6336
225
8424
8217
2392
857
6712
1032
9169
5472
7984
2016
6265
2760
4465
435
1009
8792
6833
4831
4578
8647
2802
6802
2999
2930
8951
6674
1607
5789
8135
8506
6870
874
7962
1839
9610
3615
5989
1580
7069
5252
7744
1472
4153
4311
7353
216
7009
735
4165
5051
9833
3623
6377
2087
8114
2290
8319
1882
6399
5482
9159
642
4983
1906
8910
2326
9338
3206
9563
638
8966
1643
661
5115
4489
3611
7205
1259
7957
5268
2476
5805
1420
3621
7404
3412
4157
7079
1570
5486
8438
2171
3454
4115
3110
8990
4934
6091
2745
5719
1337
8464
3200
3856
6548
2861
5239
5786
1783
66
8770
2466
2023
7778
2626
4599
1962
6874
4362
9327
9717
1099
7926
5998
5451
1945
3531
5494
6170
71
8578
2658
5086
6363
9766
5118
7426
9735
4906
9018
2218
7191
5578
8583
7546
6615
3994
9930
4470
8299
2310
7491
3118
9651
4990
2235
2806
1955
8246
970
8634
3466
3095
8786
1415
7994
2822
9059
3937
4527
1873
7152
2257
5139
5062
7259
3766
3459
4285
339
8310
8331
7798
3438
9106
3890
7346
935
9065
3479
8842
2607
8002
647
4682
9242
6887
7274
7126
443
2693
3548
2077
6023
6973
5348
6533
8843
2821
7995
4774
3875
8006
275
7121
8008
6633
4392
6217
7944
4156
9300
1725
7684
8957
2068
9168
633
9771
6358
5963
5918
5318
1738
7866
55
1794
6306
4930
7614
3411
1489
8712
124
4917
3919
6485
6284
3517
1959
9490
311
8714
5210
5194
3087
6913
4323
9601
7299
4150
9075
4614
3667
1958
9491
6134
6410
151
7245
6916
140
8141
7988
4781
2108
6541
2484
2416
5505
7951
4593
7728
6196
6348
3453
7996
5693
1196
5860
6240
7921
360
1321
4608
3313
2312
9137
1064
8737
5904
3505
4064
4961
4840
4185
9976
6924
3685
3039
9282
322
6734
4082
9607
3162
5674
7551
18
4743
441
7128
8497
4728
6297
3703
4761
9163
5721
4279
762
7702
2499
7105
816
7465
1184
8032
2577
2899
7505
2495
530
6695
6074
3727
3669
4795
6654
4162
9527
1922
9314
487
8162
863
6706
6063
826
9375
4314
2410
9471
5658
271
7473
2131
5265
664
9336
1480
9969
2352
7849
72
8577
8064
2545
8904
2121
3963
8806
6078
5371
2198
1771
3705
1336
8268
5421
7348
9813
1423
3618
4126
5478
451
9153
5731
2190
4371
1405
2820
9949
1500
7525
396
5229
100
3149
4247
6778
9098
7802
479
7090
4146
4879
4922
8767
7874
6287
938
3418
9578
1871
8330
1670
8939
8222
3227
6773
5327
149
3332
8117
5108
9053
4871
458
2351
8258
3191
7010
46
4715
614
7130
6326
6670
1251
6318
406
5523
3502
9494
6635
3974
7690
4410
1366
8043
793
6432
8697
4759
570
8455
5706
2758
6651
6574
3030
5995
7461
1188
7276
1749
7467
2533
1823
8378
6022
4179
8365
2660
3269
7967
9989
9332
1277
8132
9029
971
4805
6644
7517
3932
7732
189
2947
5334
5070
7251
4849
8376
1425
1279
7746
2254
8771
2045
9836
4564
6461
3340
8324
1085
9116
2765
7639
7002
4447
1953
9283
2817
8419
4350
2211
7198
9443
5933
9943
2826
8199
7677
5548
693
751
2385
3391
5073
8152
1452
9157
843
1861
5535
1354
5207
2537
4688
4916
3184
5097
7672
7212
184
8841
5559
9325
876
7588
8288
5636
8525
4244
4405
2319
6517
6479
1090
8126
3755
7909
4412
488
6737
4499
3965
6035
49
480
9124
2976
4080
9376
9393
3376
5649
5800
4200
1276
5285
8404
6972
6717
4947
5662
6002
2834
7166
9734
5395
6269
2567
6458
3946
4518
6507
3294
9931
1950
354
7927
1482
7167
1858
8958
258
8023
9933
5443
3966
7059
3550
6854
202
6687
5413
2508
9592
12
2589
2887
957
5127
3898
4938
6087
1657
4272
7177
5592
8808
3292
4629
2940
2101
6735
8641
7488
7641
4680
2889
2011
9225
976
6593
5288
2812
8637
1564
8237
788
9413
2036
2189
7612
7029
9871
9450
154
7946
1079
6317
4708
9453
8236
228
6496
393
6007
2457
5287
489
2427
5854
5382
9502
3267
577
1187
6038
5198
1202
4574
4262
6554
2282
6934
635
7286
4163
7718
382
9419
2902
6123
3877
7359
3666
7783
6141
3075
9469
1767
7258
138
1231
7050
3559
5657
6443
6101
3308
7301
9599
401
5840
5824
1065
9751
7410
9231
4458
5146
7175
4061
4403
6413
8228
236
8413
996
8805
1396
8604
6772
6684
1780
4149
6876
520
4241
1384
5016
4984
8012
3224
9320
1916
8900
2125
7284
8092
6792
7132
2868
7948
1077
8332
884
4741
1820
8381
4388
5612
1957
8652
4573
8883
333
6228
3573
6831
3169
2160
6865
6824
7100
2116
8700
4069
9620
3836
8045
4055
6146
2318
6898
3711
4753
6272
2377
8027
4073
5927
1129
9896
5480
7064
7097
2704
9840
2929
4815
8410
4134
7530
7846
1758
8443
6198
2638
9243
558
9643
158
8678
3643
3246
3979
1797
8607
997
3228
5053
6183
4221
8548
7836
7789
1620
9829
5796
1948
8456
1148
7688
56
5569
2712
7897
24
7032
1068
9133
3636
4828
2397
204
6685
6540
5781
2500
9821
2948
3776
9220
1805
7031
2969
9800
1016
2465
4760
6689
3112
9657
747
8857
1752
2872
2169
2592
6057
667
4517
9172
1232
7232
6224
2425
5319
2602
9498
1527
8674
5967
8194
831
9370
1866
9798
811
7110
3915
7321
960
5601
6943
5378
551
3545
4736
8720
8704
512
9289
3480
7545
919
5970
6351
5530
3306
8143
506
9695
2186
7615
306
7975
2025
6075
7150
6539
9590
5294
7250
4199
157
8679
537
8872
2792
9752
9292
4632
2937
9832
5544
4257
2304
8721
304
8532
4464
9936
1728
7297
2904
3337
6072
1324
2645
6004
885
7764
4336
3764
7261
1764
6157
3644
9125
2756
7853
796
7125
444
5797
9087
5074
7247
2162
439
5490
7054
6171
3238
731
8485
1515
85
5999
9377
3392
8272
4953
2616
7993
6648
1273
1431
7978
6906
1930
8271
754
5022
4003
1926
574
326
5603
3046
8190
4354
1122
5119
3906
3150
7051
9849
4792
1932
2424
2905
6504
7657
7968
4353
2371
1229
6167
8474
4295
2429
5492
4112
4169
1760
9476
928
4697
8072
2332
7469
8156
1645
3684
7980
4789
7755
894
6675
3126
5899
2750
7859
1166
1859
8342
3107
6109
1460
7189
4911
5698
6402
9727
5898
4711
8745
5655
2994
5106
6343
3458
5951
6818
7106
463
5778
5671
5993
2107
9774
1462
5594
6727
5154
4846
8379
3070
5579
662
9539
4385
7715
1121
5768
6553
5328
7668
8461
6180
4636
5973
4228
3341
3220
9324
477
9523
81
6975
250
5991
6330
1770
6511
9873
531
4369
1715
1885
3015
9529
272
7828
821
8015
4981
5628
9501
4188
6216
1705
696
7768
3048
9273
727
7922
542
9458
1358
9251
2630
8819
4406
2819
8206
6194
367
3858
4423
4041
448
8388
1413
3916
3653
5372
1853
7172
3437
2039
9410
2690
5774
8150
3731
9265
5135
6965
7196
725
4316
7784
6140
8260
7365
916
9285
1740
9496
2168
6481
4968
73
7848
1177
8427
5734
9150
651
2830
8619
3702
3187
2289
2200
6825
9816
1000
9609
6520
369
8467
4758
4078
1851
6070
4955
9929
1096
425
8600
5089
2136
9745
8480
1924
2565
8251
4293
6732
4504
972
4357
5052
877
8148
8493
2743
9357
52
1712
8692
1917
4807
6642
5458
5567
833
8968
3801
4480
6545
1024
8192
457
4872
9528
1921
9315
1089
2511
5589
9787
7902
562
3407
6394
8982
2467
3617
8927
289
3311
5714
8686
6939
4086
7363
3662
6947
2269
5475
3934
4347
2878
8571
838
9978
5647
6017
9359
50
9950
1931
3253
9743
4898
1991
4733
2323
4077
4948
6933
2671
9210
991
4634
7466
3143
2633
3767
8777
2672
5792
7664
1552
9684
3312
6489
3712
1913
9536
3689
7547
8078
2123
3961
3608
5608
7617
4047
2194
9470
4691
1238
1066
6503
5161
23
6866
8018
1391
9634
1602
7807
1029
8772
832
9984
217
3879
4402
5202
4798
4611
150
7075
4806
819
4657
7443
4006
5019
2725
7076
320
7249
5520
880
9120
3424
7812
1404
9412
1197
9207
397
87
9517
6867
702
9099
2782
6822
9054
5587
8102
3998
8323
1478
5083
2838
8187
9237
1167
9442
162
927
4114
1815
1666
9570
3199
9797
5332
1557
379
5550
8611
993
6232
1868
5188
3093
9451
2213
388
188
9812
2288
313
4176
5625
2656
2673
5791
4818
7063
1401
7624
840
8569
7815
7314
5007
3642
3583
5066
5750
1306
7158
6531
5350
891
9310
2571
8878
1526
3950
3106
7095
4141
5075
5950
6594
5727
8914
5010
3826
5583
5233
2867
4702
1382
6362
5738
7487
2314
6522
7402
3414
7611
4710
3034
4535
4681
9480
2184
7816
465
7635
4686
6550
3450
9546
255
9154
2946
5890
510
9894
1342
7122
622
6267
4342
8654
3446
7790
6851
4174
7275
2134
6891
6798
9331
1278
7003
1646
4754
871
2610
8839
5802
5014
7982
118
9291
1734
5491
4913
4496
4340
989
6755
134
7091
5678
8963
4726
9198
211
8814
595
3501
3724
4376
7073
2728
1497
5728
9897
5232
4969
6912
657
5743
4661
2395
7605
1804
597
6292
4317
2572
8244
781
8823
978
8238
5686
8475
550
411
1189
9627
6249
3552
8329
1872
7929
5296
8865
6760
4689
9472
3984
8116
165
8671
3210
6199
7257
5739
3670
1371
9445
2876
8573
2452
3477
619
4281
3115
8334
315
9685
1551
4690
1239
9577
5799
2301
2188
7221
7663
4001
899
5185
8739
1870
2099
9782
5347
7649
5576
985
6584
2632
2129
4432
1809
4120
5289
40
8060
4936
6300
8584
3080
7945
1856
6608
281
9520
1296
9313
5087
9554
2546
5023
4386
2014
4875
1849
7952
8948
1253
9983
5893
9732
4192
8129
8255
6145
3656
4444
7437
484
9516
1093
6828
7096
5448
9193
8496
3168
4576
9585
7056
6400
4416
1825
5231
8693
1508
9308
893
8908
3413
9583
5546
1679
9557
3439
7170
6519
3282
2494
7910
1891
6209
2072
5849
6032
692
5869
5580
349
2151
5245
3404
8477
1724
7492
789
2692
6333
892
1608
8392
1409
3352
873
4903
4313
7787
5902
5547
2917
9183
5217
1344
6052
8109
1692
7333
1316
9088
3908
9317
92
7304
7337
3688
7548
4552
3369
4912
3737
7499
7630
9531
6598
6627
4822
9819
3406
2678
5971
9905
1331
5069
6812
8317
3132
1357
4119
505
9296
1520
4105
7776
6624
3177
2599
8850
2814
8422
2187
9694
1542
8062
402
7698
1711
9738
1078
5811
3405
7620
3829
15
7554
8575
2874
9007
7634
6055
3945
3976
7049
2555
7246
4418
1058
7223
1993
8208
256
8025
2379
3397
1227
9177
823
4361
5243
533
9071
4853
3428
9568
5808
7648
4673
8783
242
9362
6514
8370
846
6379
8262
9427
7734
8142
9547
6329
896
3329
5320
1569
1347
3694
2706
319
5610
6711
3490
9506
2375
7826
2174
7627
3822
3067
5582
7643
1766
2723
8302
723
9886
518
6538
3263
5953
7971
3265
579
9222
1182
5874
9255
7906
2910
4315
309
6580
9804
600
6289
1992
6657
3343
2133
5788
4013
7012
7629
7500
9141
3855
3201
6208
2256
769
9635
166
3555
8989
3780
9676
933
3556
5093
6356
4253
4772
8684
1925
9739
6645
2764
8052
229
8420
5269
815
8210
3239
3817
2583
2317
4572
7309
2100
5821
4380
8845
2604
8421
3900
5125
4676
7868
1736
6185
4424
2137
7863
2338
8687
1717
2004
4885
8804
3740
6869
4367
5237
5167
7829
1007
8794
2870
9674
2426
9023
7361
208
9396
3373
2711
3065
4679
5321
2779
9765
7659
5566
6315
246
9358
2963
5137
3512
1529
6752
6244
3360
6841
5040
8884
9885
4515
1261
4364
5045
6404
3596
2488
6921
4528
5076
3949
3795
430
8595
54
6346
710
8894
4331
2894
827
6569
5312
8377
3504
1972
8229
1572
9244
2637
6012
9364
437
5804
5012
29
8071
3165
9156
2080
5145
9016
3084
1141
6780
109
3140
9181
1844
8972
1432
9384
417
2608
1236
8368
9056
2825
5456
9185
6944
4081
1695
3205
6011
2270
5126
4283
6953
8923
1686
4714
5690
8234
3866
7583
338
9266
4190
6214
4602
1639
7770
5919
805
4971
5433
6888
4993
3288
9937
4224
9232
1172
7477
7899
8742
3579
6622
774
5155
2070
4171
1158
4467
862
5538
3871
8010
454
1571
4513
6723
4941
4084
4752
3348
373
252
2773
6252
3549
5476
6405
4204
4445
5959
602
6623
1658
1942
5627
7142
2858
1903
6746
4918
3182
3874
7575
4306
2919
9850
2031
7969
312
7609
3000
8449
3215
4529
1555
2414
5330
911
8305
4016
3380
7024
8601
1003
8997
6132
3277
948
5136
9264
1140
5101
5100
2644
1581
6340
2124
7285
2516
9365
2735
8290
6110
8531
4694
9467
334
2691
8545
1256
5969
1952
7652
9509
8716
2309
3620
9149
652
8184
2220
9661
1364
6557
4468
2421
8815
7061
860
8356
669
5892
6877
5223
4978
2247
5149
2772
3157
3567
4002
7447
4434
5767
5682
1543
7673
427
3173
6628
8013
4756
285
6115
3489
736
5825
2456
9208
2241
6408
5692
549
9855
2245
5855
9521
2360
4040
5761
5688
4113
6088
2561
4664
3985
1491
9534
870
7230
1606
9630
1819
3510
7515
1510
8691
525
8500
909
8695
141
7603
678
9726
75
121
6440
8201
8699
4070
7811
3638
9587
8638
2598
9723
1513
3248
7777
1632
4929
2296
9368
41
8240
2785
3144
1081
2283
2617
3783
1842
6079
2202
1519
8282
1919
5477
7519
5250
3399
4522
5279
346
9654
2890
7719
930
9679
5697
3139
2486
7918
8211
2605
2579
6446
8930
3839
7186
4914
7407
5818
743
2506
7898
1127
9482
922
8294
3155
9389
5987
9889
1775
3409
5055
1186
6558
2851
3390
8710
5214
3435
5401
2880
7120
1161
3880
8664
5025
2544
9337
7824
6576
4449
4387
5613
6708
517
1599
3442
8007
1597
8204
1997
4892
5717
8924
4072
6129
432
8977
2472
3769
3800
6401
2435
8590
3074
2255
9845
559
3797
3259
8622
3042
7362
7767
3469
4452
2944
8505
8919
9037
4652
4952
524
6365
8276
1133
3491
6310
2906
7703
1901
9980
2120
7681
4863
3058
8606
803
1313
3587
9409
7752
2652
6373
5948
1621
3563
2521
3408
2676
9645
7516
4584
7080
1756
9060
1965
3811
4289
1640
7964
317
6083
9046
755
7345
8031
2170
4391
6218
2998
9323
478
9126
283
9918
1107
7542
6382
5282
7039
3986
7895
4426
5178
3471
4098
526
8690
2974
6827
5054
8870
3451
6750
4275
5926
474
6751
5349
8340
1660
4901
6124
2157
8452
8189
2420
6796
429
9772
9549
3447
2482
8543
3121
5715
6166
2483
3758
9011
2438
2603
8213
6671
2738
8926
8498
1303
9306
1098
583
8826
5574
8115
6526
6018
9111
690
5710
6611
7550
9091
513
8512
324
8140
6989
9652
4037
1892
7133
8492
6392
1889
7912
737
5663
3746
8354
295
1554
2542
9779
1037
9988
5888
9241
7920
4401
1683
8518
1886
6763
6926
2875
1094
7187
4049
6355
2294
4267
6342
8787
1617
8992
1008
2713
7287
994
5895
9981
2788
9756
1908
9117
2119
797
9004
3540
8341
1860
9165
244
8405
1999
2901
5563
5673
568
9432
3793
7023
2778
7222
699
3925
3996
9693
2628
8821
1788
8212
8429
4796
5005
5399
7145
3464
5752
5912
4492
3789
835
7086
6139
3465
2935
4461
8308
3356
8965
4724
8501
4268
9421
780
7869
4231
8090
1319
6077
3923
4177
584
7697
403
7518
582
9822
1203
5038
7062
7579
1070
7955
1454
6467
6302
9827
1622
5434
650
9151
4538
8458
1343
9682
3314
3086
5939
6605
1139
8465
2771
7838
998
6398
2818
7383
898
4286
4739
5665
5360
3665
5551
2730
7674
6015
5866
3159
7450
1386
8614
6515
2510
6899
4982
9659
2662
9438
2883
1473
6096
2368
7632
468
8557
5132
3893
2668
7736
5033
9367
2733
1363
6918
7243
501
4540
8685
340
4701
9699
102
7123
798
7851
3174
4051
7185
8440
7689
2512
1209
8200
2204
7597
6803
3398
5438
3026
6974
770
8066
4034
9655
6986
6010
879
8725
684
3940
8160
1444
6837
2767
8682
8479
6650
3959
7490
5966
7723
5046
5770
5255
829
8387
1613
6487
569
160
5465
2279
3197
8039
2777
9767
1258
8943
6682
4554
9846
3843
3901
2823
6013
7911
925
5159
4250
4775
6889
6107
4502
8042
422
7678
4203
2038
7763
8113
1688
5537
5072
404
7877
1532
9077
332
9668
4021
5780
7676
7949
2252
5144
185
7211
4025
2699
3701
5515
8885
4804
96
8185
1224
8776
3105
6696
6529
9347
2753
8696
1505
7711
7418
1046
5843
1553
6191
4213
3887
5914
7311
9589
5540
5909
6412
2052
6229
4587
8869
8820
589
5652
6669
6100
4925
116
2909
6892
3924
5680
5769
6112
3297
799
3690
279
3085
8796
4893
4516
5685
2964
61
9740
2804
6800
4864
2361
9960
1704
9321
3904
1137
6259
2766
7035
1990
9246
2635
7566
715
3129
9192
808
5753
2896
4848
6177
5272
3944
4705
8751
853
3116
7288
812
6757
6468
2181
3903
3841
4808
6856
3753
1723
9302
4154
3415
4329
8896
4560
2001
115
9686
515
7406
8978
4946
8279
5645
6019
3585
5064
4152
2248
3993
9463
1986
5758
5267
3014
9982
2339
7070
155
9646
1590
5635
3774
6226
8658
3223
6186
2278
3806
8515
1286
9530
1495
8306
8855
3914
5495
8905
2759
6845
9031
2850
4546
3375
6426
7498
9926
5450
2831
9269
2612
7388
6301
1268
9757
6372
2277
8959
1857
1743
7666
78
5851
5598
2502
4723
902
6667
6102
7587
4734
4102
8219
1982
6118
771
9838
1398
7818
3846
9379
7262
2147
9089
3455
4466
6559
3242
8639
3682
5534
2210
6815
4210
1719
5677
6204
7021
2780
8245
36
7533
8851
4145
9544
1272
7377
3232
6768
288
5641
4359
6045
1699
8705
2111
6914
3902
3154
9390
3606
8938
2943
6273
3528
3868
8676
4093
4007
7442
5554
7671
3145
4251
9910
494
5435
3401
3995
1934
7475
9425
5459
3005
9316
7584
5412
3237
3324
4957
6492
1252
8949
852
6544
2481
5440
7556
7085
836
9164
3605
2479
4746
6279
610
7854
4027
9662
2002
2094
6555
2470
7331
6125
2900
5936
4265
2791
9090
6286
3123
8326
1674
6247
809
7655
445
1671
3513
3883
4398
1843
2781
3148
8952
2073
5323
4878
4531
2694
1027
7622
842
7439
1025
6719
2497
9824
2720
1376
5513
5723
1846
8763
1038
8178
8463
1338
6231
8653
7731
1294
9942
5187
7357
9543
7098
4783
2613
4612
2112
1488
9537
1912
3417
6384
2832
9268
6357
8527
2709
3691
278
5498
8663
6962
782
59
9350
2531
9790
1446
8755
5406
4594
3870
1030
3326
2299
5445
3964
7485
4836
2908
7701
2703
9178
1023
7441
128
9281
920
6649
6120
8521
8120
1484
9541
260
7136
785
6784
6672
1428
4501
1124
7901
1900
6200
3016
9084
1941
5980
1589
11
9593
7307
4142
3602
2959
7857
2752
8912
5488
4713
4312
2913
9408
3361
6048
9828
2053
1083
9526
1499
5557
9572
3884
1157
9868
132
7093
3723
5493
7503
1146
5910
2926
6875
6581
2828
8197
4124
4525
3219
8017
1199
9617
1832
9404
2477
9844
3152
8297
3584
6820
5501
1060
4269
5932
5949
7507
2097
6367
7557
2047
7169
6056
8105
5584
8816
5345
280
6609
616
9788
7112
7772
5684
2237
5863
9762
6114
1630
8774
1835
7574
6350
5099
9301
6575
8309
2095
4794
8662
5027
9134
2966
4090
2634
9466
3303
6106
1119
9082
2367
2674
5426
1970
9055
7586
1250
8551
7578
8298
1111
8889
7495
1914
4975
7569
5427
2854
3707
8837
8063
218
2918
5003
3278
7747
6653
1091
9110
2126
6155
9221
8468
1936
2553
4672
6777
3024
8001
4995
4030
6995
3821
7628
5597
4604
6005
4399
6626
1295
3889
872
9329
80
1601
4483
4542
2683
5417
1808
6113
4703
8986
1014
7267
2142
7462
8667
1134
7330
3486
2443
9878
3578
8303
1301
9724
1940
8261
2975
8050
1751
1165
6579
4237
3863
5162
767
2149
1947
8254
4742
4667
1109
7355
4309
1020
8196
1213
8003
3233
6176
1568
9248
553
2696
7708
5748
1821
1095
2041
8775
634
3335
4765
5235
7534
210
9006
19
6705
9424
4500
5104
372
6352
3849
7176
6985
9915
7509
60
9940
2829
2796
6613
1308
6436
5013
9387
4537
1088
2881
6144
7780
4320
580
7164
7236
9925
8300
7576
1833
5392
2708
8741
668
9941
1084
9525
4164
5637
5812
4797
1287
6813
2988
4581
2815
7794
3655
9801
1648
656
1745
4979
3857
3368
8296
3153
5872
528
8881
2568
5713
848
5876
9253
548
7373
196
8829
3715
1910
7306
975
6081
4735
7809
8067
214
9786
618
8407
1593
8608
5081
8375
89
5387
6494
3910
6291
6478
2931
9613
3383
3506
7730
8399
4370
3911
4738
2487
7513
2091
1753
2871
5593
1976
8024
3001
7200
5121
504
6721
4095
3474
7762
9399
5485
756
7165
3860
7804
7572
2428
9893
4031
4433
2291
4109
3812
9184
1220
3136
3425
8675
929
2207
5362
4439
5165
3299
6902
8974
2262
9619
182
9227
2437
1163
8053
5871
2229
8380
3284
7532
1684
6597
7327
4122
9103
3441
9328
4128
361
4263
8281
4944
6505
3696
8625
784
5777
6323
2513
8096
7280
5041
6840
8536
9420
2029
3012
6988
1848
8761
3120
129
7440
1585
2384
6832
7568
1457
8344
120
6936
2089
6560
2849
7352
1297
8504
145
8880
724
7020
4005
7444
1772
8632
3912
3657
9112
104
6137
2327
2434
7970
1246
7779
1437
8764
9461
5180
7589
3436
9560
3209
4187
38
7883
3142
4083
1393
3936
8385
640
5444
6437
8447
3434
9791
7109
5887
8037
6604
4212
2844
9477
3748
9021
5379
5646
1923
7293
3732
3493
7116
453
4731
2325
2859
9462
9034
2847
4897
6339
3862
8019
4302
3798
5806
5219
257
5984
6785
7856
2345
5755
7934
8195
2621
5479
1082
7754
527
6034
5630
3019
7590
5179
5430
8970
5191
2205
4195
4454
7210
2991
3570
8530
8631
973
9636
5740
6360
1036
8765
839
8962
8994
2242
1854
9171
630
9979
837
8964
1852
6984
1116
4813
1587
1662
7174
2042
2719
7890
946
3815
4834
4967
3869
6131
8753
5408
7817
3419
7397
703
9297
5832
6937
6059
665
5111
3170
7855
426
6135
3865
2219
8597
239
7157
2059
4830
1411
4989
1735
2109
6172
3044
9725
476
5453
7316
4133
9092
908
9908
293
9508
5868
1021
8979
822
6234
2415
2209
9455
4469
7195
2805
9295
4161
4675
4541
2348
9533
1076
6149
2315
9785
824
4505
4904
5705
1019
8981
6395
4630
7914
3535
1226
4858
5142
483
5917
5532
5284
341
7055
3349
5676
6205
851
2749
6855
1609
9416
9080
136
6588
5293
4508
9653
148
4208
7241
5528
97
3503
7733
3716
1909
5835
4569
7312
84
9916
3309
7300
9861
1164
6061
4755
8014
2595
9505
1731
8070
2955
409
3687
9309
4147
7953
1651
1485
3699
5905
5759
4442
2954
5695
3909
1716
3325
519
7581
3235
14
7907
1502
5222
6659
65
6991
3009
9312
1504
5057
3592
9864
3825
4456
5148
6952
2264
6761
2075
5669
2980
1509
1627
6473
4763
6053
7871
5354
2927
6677
4139
5077
3204
5260
2840
6961
1320
8680
4776
8220
2596
7008
561
4339
5862
5163
462
5779
3057
8179
6950
2654
6182
1214
386
3710
646
9555
5329
296
8540
676
7788
133
6923
7001
4024
9900
4261
4764
5437
3212
7813
1212
9397
804
5757
3847
3897
2032
8784
3537
1087
2757
8907
697
6528
7872
3577
8967
6409
1691
8510
8390
3059
2566
6270
130
9086
1730
6014
5650
3186
6418
8711
5213
716
9085
131
9278
2386
9714
1311
4018
6591
1330
8079
6082
2754
5527
2394
6255
8874
8550
5611
1614
7411
2790
5131
6969
3031
2153
7256
3560
8104
9852
964
2517
4372
7077
2724
5376
6945
7455
6469
4767
1474
7742
722
4319
8906
698
31
8250
399
5377
4227
262
5067
5749
7707
4837
939
7710
4390
8154
1062
7963
2238
2251
4638
4771
6893
163
8673
931
1005
8020
1389
1315
7334
1130
5270
6830
7094
3310
9459
342
9067
4622
8834
1367
4409
7691
6470
9406
7235
4646
8350
2054
9182
1427
8374
3726
9499
9270
3499
7317
8059
2550
9114
2335
5234
7991
658
4526
5275
8181
3700
924
8877
3444
2797
9524
677
7423
6033
2992
3569
5080
8844
1560
5496
3529
1800
8809
2216
2140
4101
4363
3381
8068
581
6475
7214
4886
1514
3527
7709
5747
4862
1222
6699
1045
7604
4717
1059
6337
5112
9049
1152
9252
1773
4788
6661
1988
1981
7623
7506
1143
5098
3002
9319
5322
9807
2074
7335
1690
7146
7254
3355
4389
6847
209
9200
800
9401
6728
7433
1592
8609
3272
4472
9452
152
7769
1447
4178
7271
5954
1790
6491
734
6835
8541
9415
4274
9650
5726
2195
8209
6920
2105
9559
2762
719
1781
3403
6006
1563
4678
5123
653
9148
2952
9369
8856
3913
4368
9793
2751
58
8778
9447
3778
5631
1765
7644
1381
3803
7013
4868
9293
5836
8325
1876
4524
8932
284
9917
2183
9698
2846
7154
1310
4931
3905
995
8030
1379
4397
6839
1625
6656
4160
7289
992
452
8384
1417
6327
7129
6795
3609
9160
6465
760
9441
8248
6152
3848
9608
1628
9188
416
9584
20
5021
4004
3917
844
8760
1041
5359
9041
2408
2353
3423
1761
5464
8936
8488
348
7396
4053
6556
6900
9229
572
8644
7740
8136
2680
8556
4440
2956
7044
2365
8871
4585
9576
4824
7057
2744
4825
3639
2445
7756
2244
8572
4884
5116
7653
628
7472
2329
4896
1828
7973
491
7078
6378
2086
8523
5638
3387
5449
3576
7033
711
5218
1506
2983
5853
76
7845
4036
2525
6884
172
9044
1565
6716
5828
101
9899
3097
5928
6393
3808
8961
2064
9385
5499
3717
8164
2037
6427
969
8832
5092
6789
9595
1221
8980
6396
493
7607
3842
514
8702
8459
5230
8931
1069
9540
5344
3681
3208
9561
1464
6817
5283
8173
6227
1517
4883
6353
5968
8193
1216
9600
5529
7240
4860
6589
636
9768
33
6691
3713
2848
7761
2440
2601
9280
9489
1536
7680
1156
1445
8756
3788
4861
1700
901
5660
8029
1380
8224
9465
7696
1713
5683
5553
847
5082
5943
8218
3882
3007
7602
498
127
4497
6319
4706
5903
4298
4166
4670
7430
4451
4958
9203
3566
9890
110
9691
2409
5335
906
7015
2786
9535
6090
1654
8750
4939
686
8918
5006
5810
4799
8426
8998
1406
6694
8435
6449
112
9492
1744
9920
4721
6095
4514
5687
6857
539
7561
2843
3557
1204
21
4603
297
4744
4665
2560
9104
8320
2916
7693
5303
6578
9298
4626
5983
7706
943
7893
2923
3161
3400
8264
17
6383
3221
4348
413
1351
8649
1755
8854
1550
8651
5510
9374
626
9575
1661
5564
8836
3264
7140
6085
3131
1493
4748
4088
4012
888
556
6168
2857
7959
1450
6119
5981
6788
1312
8489
5672
7324
5220
7549
8835
4621
2775
5325
6775
3629
1271
6829
2007
6274
4751
3530
8134
2475
7726
1299
5590
1466
5930
7066
3543
3853
5363
4438
4778
263
7481
983
461
5164
4245
7204
1260
8740
1664
6080
7844
2972
9349
3647
1682
8722
3599
